# initial, wec=3.0, wec=2.6, wec=2.2, wec=1.8, wec=1.4, wec=1.0, wec=1.0_withlocTI
132.49888629236102	-200.80300332909357	-200.80300332909357	-200.80300332909357	-200.80300332909357	-200.80300332909357	-150.63804087411123	-150.63804087411123
-37.1484045094379	42.025057666780725	42.025057666780725	42.025057666780725	42.025057666780725	42.025057666780725	210.2727874995103	210.2727874995103
383.5904515579976	430.2898249097429	430.2898249097429	430.2898249097429	430.2898249097429	430.2898249097429	417.72945811663385	417.72945811663385
-318.2887560367498	-274.96394799202335	-274.96394799202335	-274.96394799202335	-274.96394799202335	-274.96394799202335	-217.77751461493511	-217.77751461493511
225.9168506895828	-67.42212454669199	-67.42212454669199	-67.42212454669199	-67.42212454669199	-67.42212454669199	42.94397849419805	42.94397849419805
-357.6308205230655	-324.47858426304896	-324.47858426304896	-324.47858426304896	-324.47858426304896	-324.47858426304896	-300.7644977287748	-300.7644977287748
-416.268323016228	-446.1606074773932	-446.1606074773932	-446.1606074773932	-446.1606074773932	-446.1606074773932	-428.45042038110836	-428.45042038110836
-92.27665528353883	63.662908764334176	63.662908764334176	63.662908764334176	63.662908764334176	63.662908764334176	124.68580562631263	124.68580562631263
101.42671880958285	338.04440092583434	338.04440092583434	338.04440092583434	338.04440092583434	338.04440092583434	421.2459727965229	421.2459727965229
-137.07713443425706	-3.7118023763801027	-3.7118023763801027	-3.7118023763801027	-3.7118023763801027	-3.7118023763801027	-131.30872308953394	-131.30872308953394
160.63733713033605	448.056712108211	448.056712108211	448.056712108211	448.056712108211	448.056712108211	397.8509475915453	397.8509475915453
-208.65396156084637	-131.82364164259434	-131.82364164259434	-131.82364164259434	-131.82364164259434	-131.82364164259434	-167.3383429905578	-167.3383429905578
300.9524267472053	356.4168269532246	356.4168269532246	356.4168269532246	356.4168269532246	356.4168269532246	393.7930997525827	393.7930997525827
101.33264505340327	211.09447768300151	211.09447768300151	211.09447768300151	211.09447768300151	211.09447768300151	151.24158938987603	151.24158938987603
-210.55241187964685	-311.8250207034256	-311.8250207034256	-311.8250207034256	-311.8250207034256	-311.8250207034256	-334.72488907715814	-334.72488907715814
30.20676350659599	59.092894196975735	59.092894196975735	59.092894196975735	59.092894196975735	59.092894196975735	137.58723552441157	137.58723552441157
-438.1372127975622	-445.5172891795091	-445.5172891795091	-445.5172891795091	-445.5172891795091	-445.5172891795091	-432.3812196611709	-432.3812196611709
410.61751364133386	297.0591754325325	297.0591754325325	297.0591754325325	297.0591754325325	297.0591754325325	158.27770224769947	158.27770224769947
