# initial, wec=3.0, wec=2.6, wec=2.2, wec=1.8, wec=1.4, wec=1.0, wec=1.0_withlocTI
320.95383517385716	366.30739240144004	366.30739240144004	366.30739240144004	366.30739240144004	389.49957706040595	422.66210747083153	422.66210747083153
-169.7247630190645	-228.6032412763424	-228.6032412763424	-228.6032412763424	-228.6032412763424	-196.19156745746946	-202.93100174008438	-202.93100174008438
-6.464938658118413	-8.774385356356987	-8.774385356356987	-8.774385356356987	-8.774385356356987	105.99562973295986	53.71523061207387	53.71523061207387
45.93830140117121	90.99792780131732	90.99792780131732	90.99792780131732	90.99792780131732	197.98449640502886	222.3001300080001	222.3001300080001
-348.80131948413407	-437.8213149036607	-437.8213149036607	-437.8213149036607	-437.8213149036607	-449.50103720881054	-446.0721082835223	-446.0721082835223
-211.07358469879847	-320.3550724652272	-320.3550724652272	-320.3550724652272	-320.3550724652272	-284.189193273378	-301.31663956295097	-301.31663956295097
379.01010878841583	420.6307306935892	420.6307306935892	420.6307306935892	420.6307306935892	413.11052874386985	393.4483205147499	393.4483205147499
189.56199692969784	73.399073058495	73.399073058495	73.399073058495	73.399073058495	29.449891417723855	11.778326306373664	11.778326306373664
-196.5500818264355	-172.65869994579842	-172.65869994579842	-172.65869994579842	-172.65869994579842	-70.5963541619426	-100.49855761960794	-100.49855761960794
168.68148449939994	261.4034892768211	261.4034892768211	261.4034892768211	261.4034892768211	225.41778647444013	154.4562818548547	154.4562818548547
244.78608519237588	387.61039233281133	387.61039233281133	387.61039233281133	387.61039233281133	404.9853187052325	401.64537693792516	401.64537693792516
44.64894629673451	208.16438696106673	208.16438696106673	208.16438696106673	208.16438696106673	121.76470159485007	132.57301241826593	132.57301241826593
374.5431038773664	440.7058973960914	440.7058973960914	440.7058973960914	440.7058973960914	404.11101491728243	391.25778242561876	391.25778242561876
66.07969672168798	104.03509113123465	104.03509113123465	104.03509113123465	104.03509113123465	21.24051333707508	59.32684712887609	59.32684712887609
-373.97680736921023	-316.07560474446984	-316.07560474446984	-316.07560474446984	-316.07560474446984	-348.9096027703345	-334.22789096692225	-334.22789096692225
-127.47269940227606	-159.90572991643725	-159.90572991643725	-159.90572991643725	-159.90572991643725	-178.5493656462837	-218.39967894460722	-218.39967894460722
-279.6217598345786	-443.981017071198	-443.981017071198	-443.981017071198	-443.981017071198	-449.03836003368764	-449.845830380202	-449.845830380202
-114.17868338136469	15.65587922699325	15.65587922699325	15.65587922699325	15.65587922699325	-72.01875308653578	-67.7416089494233	-67.7416089494233
