# initial, wec=3.0, wec=2.6, wec=2.2, wec=1.8, wec=1.4, wec=1.0, wec=1.0_withlocTI
248.95373323010608	178.3377739694905	165.17389687797024	165.17389687797024	165.17389687797024	165.17389687797024	165.17389687797024	165.17389687797024
117.49491681809418	187.9375846674302	167.94034399579624	167.94034399579624	167.94034399579624	167.94034399579624	167.94034399579624	167.94034399579624
-145.34797913657997	-155.31180079821013	-151.91656703130727	-151.91656703130727	-151.91656703130727	-151.91656703130727	-151.91656703130727	-151.91656703130727
182.2420440537379	197.79378192311128	213.3963290439187	213.3963290439187	213.3963290439187	213.3963290439187	213.3963290439187	213.3963290439187
-339.6020424669429	-445.9297169215607	-442.52576867092296	-442.52576867092296	-442.52576867092296	-442.52576867092296	-442.52576867092296	-442.52576867092296
-239.6201708866155	-266.5880366750155	-289.00507793215667	-289.00507793215667	-289.00507793215667	-289.00507793215667	-289.00507793215667	-289.00507793215667
-23.362669742431088	-4.320398571407642	11.280729300700745	11.280729300700745	11.280729300700745	11.280729300700745	11.280729300700745	11.280729300700745
146.66797483789102	228.24058337595278	243.84185221073247	243.84185221073247	243.84185221073247	243.84185221073247	243.84185221073247	243.84185221073247
387.16716500260003	446.75262117526853	449.6271834742637	449.6271834742637	449.6271834742637	449.6271834742637	449.6271834742637	449.6271834742637
-355.09158430823095	-413.1533269797653	-418.5901083214223	-418.5901083214223	-418.5901083214223	-418.5901083214223	-418.5901083214223	-418.5901083214223
413.7873222751306	408.8758559978169	417.4878706659557	417.4878706659557	417.4878706659557	417.4878706659557	417.4878706659557	417.4878706659557
387.7699075765161	422.3485789934761	423.5818811195367	423.5818811195367	423.5818811195367	423.5818811195367	423.5818811195367	423.5818811195367
-110.3544156095439	-146.37763012775113	-122.44037741046817	-122.44037741046817	-122.44037741046817	-122.44037741046817	-122.44037741046817	-122.44037741046817
158.03362199260815	60.38782288491547	81.67733013543332	81.67733013543332	81.67733013543332	81.67733013543332	81.67733013543332	81.67733013543332
-312.0579171289891	-362.53392949322915	-344.92914290734285	-344.92914290734285	-344.92914290734285	-344.92914290734285	-344.92914290734285	-344.92914290734285
-237.33472220002446	5.469984417322264	29.40686371005865	29.40686371005865	29.40686371005865	29.40686371005865	29.40686371005865	29.40686371005865
173.84637149373398	104.58219191811223	128.52016076499947	128.52016076499947	128.52016076499947	128.52016076499947	128.52016076499947	128.52016076499947
209.777712784281	-53.96384192415707	-18.314059693954864	-18.314059693954864	-18.314059693954864	-18.314059693954864	-18.314059693954864	-18.314059693954864
