# layout number, AEP (with NaN values removed)
001	8.147914859772496e10
002	8.148195148962889e10
003	8.148092316689403e10
004	8.148122763510428e10
005	8.148174388418347e10
006	8.148250302751076e10
007	8.14809994108909e10
008	8.14806463199022e10
009	8.148196558941121e10
010	8.142245755224307e10
011	8.147997722771497e10
012	8.13894497269632e10
013	8.140992660410507e10
014	8.142694435096979e10
015	8.147896480007068e10
016	8.139975251493954e10
017	8.148173281970314e10
018	8.148064692612326e10
019	8.138841839792313e10
020	8.148256433349615e10
021	8.143878601302905e10
022	8.148124105944026e10
023	8.14224862801196e10
024	8.145607555872586e10
025	8.147887776513751e10
026	8.148195154152324e10
027	8.14223226762151e10
028	8.145774832353423e10
029	8.148163573972603e10
030	8.140992974854185e10
031	8.14093571865987e10
032	8.147987709574556e10
033	8.148196556544876e10
034	8.137669317082884e10
035	8.148101943827115e10
036	8.148163848283353e10
037	8.139299220016998e10
038	8.140977698216852e10
039	8.148196558843939e10
040	8.14370327679814e10
041	8.14816359503026e10
042	8.145668963793797e10
043	8.148121723781139e10
044	8.145763143643365e10
045	8.138939564920981e10
046	8.147896223249646e10
047	8.148094559224539e10
048	8.147954964797972e10
049	8.138925307661996e10
050	8.148223155987817e10
