# initial, wec=3.0, wec=2.6, wec=2.2, wec=1.8, wec=1.4, wec=1.0, wec=1.0_withlocTI
151.22556934467104	36.84024925821958	56.28744089750671	78.40885955998573	64.09040577585246	68.4280662795211	-181.8769236025549	-181.87692360718015
-206.46405455131048	-240.2729074582033	-282.3719624560977	-283.2052795329989	-240.56297748481308	-199.5505338733688	-130.43108326223035	-130.43108325918232
438.78176261434413	394.2065361114473	397.23341505322855	391.3808406787185	353.16383247151066	354.7822372734549	205.96127803608445	205.96127803902888
-163.94917182371432	-349.7325083522012	-327.0702047461395	-310.4775084877937	-283.8557347864008	-258.2549698000158	-244.5555686685816	-244.55556867271494
84.47863926102919	514.0224882859696	507.19007606895013	531.5110510686067	572.8173715105618	583.3426417773413	589.5041417199815	589.5041417202336
-544.1702821226565	-524.180737774335	-537.773172806294	-530.5269015059198	-500.4953650927544	-511.008653998561	-489.1016824985561	-489.1016824944922
540.2391581773587	590.309117476238	589.2791254275812	577.4425404916833	546.2507890798657	534.1500520315565	545.4596129578756	545.4596129575943
-488.55136870558187	-588.1127725227361	-582.5840781368887	-584.1631357614681	-590.6959147138591	-587.6789959203168	-588.6379684702181	-588.637968469572
236.09733358094056	184.49502836690903	131.9233418687534	133.1792070305565	192.52581304197972	240.8873964041644	279.82808558224787	279.82808558189447
574.9888623538532	598.868072529602	597.3539354465175	594.8546799845636	596.5671964561008	546.4947581863039	66.02685690042101	66.02685690119347
-286.76409544584044	-549.7899591322717	-529.4016195846567	-528.9563096140517	-549.6630366540338	-565.8441343964375	-585.6515453057741	-585.6515453064529
240.460425469558	452.32877029830973	449.67278543979194	454.77581188000704	485.0518605613582	483.8693667874026	563.5423248964916	563.5423248954155
167.25777690597656	487.5319460544039	503.01598502457574	513.4236245898841	528.6075309990138	541.5758216294307	547.8983243569804	547.8983243551355
-119.95656510537857	-309.48505275171874	-320.5592406065906	-278.38104965447286	-178.55043796006572	-140.3971591031404	-111.73570107619211	-111.73570107486188
-85.81150361002284	-291.949680884211	-266.08272136676857	-280.2520599389608	-330.91447463155293	-314.43625035701444	-347.5335151853438	-347.53351519106315
-106.02816824660195	107.40194030770304	112.91639533548786	162.97276183020665	248.2137696213167	273.2832265520254	249.94761577547482	249.9476157760889
280.39067240210863	118.8423953457762	143.51234058921685	136.94316748583978	105.25367613708141	120.96858168172494	116.21248674412969	116.21248674740218
-536.1440743199888	-570.9304774504557	-585.3172061971457	-585.0327418223139	-568.2726557846373	-549.5209388673219	-530.7506406207854	-530.7506406209716
