# initial, wec=3.0, wec=2.6, wec=2.2, wec=1.8, wec=1.4, wec=1.0, wec=1.0_withlocTI
-229.8724875991318	-304.09084614932505	-304.09084614932505	-304.09084614932505	-304.09084614932505	-304.09084614932505	-227.35519588982734	-227.35519588982734
383.3939110509498	377.18709413617694	377.18709413617694	377.18709413617694	377.18709413617694	377.18709413617694	222.97146117627355	222.97146117627355
-6.175251465765097	30.396664904819943	30.396664904819943	30.396664904819943	30.396664904819943	30.396664904819943	25.237948164078578	25.237948164078578
9.056823885204835	198.00048169444298	198.00048169444298	198.00048169444298	198.00048169444298	198.00048169444298	322.1359649696915	322.1359649696915
432.3624455632121	449.9942936503328	449.9942936503328	449.9942936503328	449.9942936503328	449.9942936503328	434.16171530604555	434.16171530604555
-145.9033541300571	-277.2403910479654	-277.2403910479654	-277.2403910479654	-277.2403910479654	-277.2403910479654	-314.3604579526863	-314.3604579526863
148.98576811210634	110.60828785019586	110.60828785019586	110.60828785019586	110.60828785019586	110.60828785019586	-66.26295008185699	-66.26295008185699
-402.34879259495165	-449.2046972006593	-449.2046972006593	-449.2046972006593	-449.2046972006593	-449.2046972006593	-447.64134877517887	-447.64134877517887
230.74178250287812	315.7881589942727	315.7881589942727	315.7881589942727	315.7881589942727	315.7881589942727	274.52381780171135	274.52381780171135
348.42442452605053	331.8275211658816	331.8275211658816	331.8275211658816	331.8275211658816	331.8275211658816	388.3421370046542	388.3421370046542
-147.77687835633975	-245.76301869858762	-245.76301869858762	-245.76301869858762	-245.76301869858762	-245.76301869858762	-390.87634459010553	-390.87634459010553
287.15371293445577	449.0970582598324	449.0970582598324	449.0970582598324	449.0970582598324	449.0970582598324	398.56703637189713	398.56703637189713
43.57556814131809	31.189373256903256	31.189373256903256	31.189373256903256	31.189373256903256	31.189373256903256	108.28638427915376	108.28638427915376
82.64985407283953	7.368944757830385	7.368944757830385	7.368944757830385	7.368944757830385	7.368944757830385	-118.3368433167229	-118.3368433167229
-387.12048949651387	-354.4771732355197	-354.4771732355197	-354.4771732355197	-354.4771732355197	-354.4771732355197	-321.9901491745959	-321.9901491745959
-417.60421493809554	-436.2155917852143	-436.2155917852143	-436.2155917852143	-436.2155917852143	-436.2155917852143	-379.43070876042555	-379.43070876042555
-148.94477785503273	-29.87778202368632	-29.87778202368632	-29.87778202368632	-29.87778202368632	-29.87778202368632	46.01332709671743	46.01332709671743
372.0165095942569	320.6158660120117	320.6158660120117	320.6158660120117	320.6158660120117	320.6158660120117	356.56230095797014	356.56230095797014
