# initial, wec=3.0, wec=2.6, wec=2.2, wec=1.8, wec=1.4, wec=1.0, wec=1.0_withlocTI
820.4128086228459	346.89989129682806	343.8963476981815	338.6582691972774	328.24718856979604	320.4846790735807	332.31211532319116	332.31236086509347
125.44145041910126	302.76180406541835	336.0137250228945	365.9243652735032	392.721639111388	410.3739670919744	393.45520637180005	393.4549648567881
329.9075157151179	596.354026593805	589.2082923722331	584.6717836210586	592.2016918972778	601.7062869269997	547.5342702861665	547.5343672509542
1143.073716276507	1463.3341188801598	1464.741004160525	1466.6399345441348	1470.3202289329508	1472.9204707895753	1472.223883133887	1472.2238885077425
-678.7020098168475	-1346.5891031528715	-1349.3312254206899	-1350.7426652962204	-1350.5962259537737	-1352.441559537845	-1369.7413611580823	-1369.741436465677
1253.5783727080498	1232.8102585494537	1231.8465414291359	1230.4311703683538	1222.5534048150823	1215.7983400050782	1232.096147866773	1232.0968358205741
-1028.75438194304	-1449.9026078359907	-1450.9168129142186	-1453.4984394490787	-1458.1838816530244	-1460.470889117732	-1438.4042569670387	-1438.4042629862483
-8.49061070765944	-699.3984486960006	-697.7692848153525	-700.7925789684732	-712.0635017223492	-718.6797950403705	-708.4570283980386	-708.4569829860943
-1105.659517454132	-568.2507952783697	-562.0707109148786	-549.9796924849126	-526.688414037061	-504.9777581135133	-542.864621188478	-542.8643004037662
1156.9260575036674	1459.3356276141506	1460.0463378804932	1461.2702093113508	1463.6440110598453	1465.3632895913938	1462.726446966877	1462.7263909618466
21.443359904864234	-190.55369914384173	-203.77940190137107	-210.17716618493031	-208.0802730256975	-201.90904613694642	-234.4233032387506	-234.422975572198
-1275.3063115544012	-1376.3581929314123	-1379.432343261952	-1381.3612554249307	-1378.1499036013176	-1374.026762611902	-1396.4978421837416	-1396.4978040366182
-385.77138963738247	-329.62593575733723	-323.31686960728155	-314.5907154349353	-296.9148450902489	-283.73453619665975	-287.32705856054156	-287.3270298930173
213.1485794985557	-660.8311353385218	-655.2138992622289	-652.2992044780439	-652.6023555376341	-648.7694722380081	-611.3988907327663	-611.3987219719738
464.18083565378623	854.5050424918586	855.8937425490236	857.9272611046897	869.1163174671415	878.541061336447	855.5343872196665	855.5333933640051
914.0723273312827	384.42480542279253	380.5790373647398	370.5972132683949	351.70977779217964	342.0888511866506	425.43295032527715	425.4329279956935
1323.3185562327012	1326.9671472806149	1327.824547010151	1326.2314308644982	1320.214213724874	1316.6242258931256	1322.1530316275102	1322.1530559123025
-439.43032511135226	-1388.1970444043336	-1390.710795369657	-1395.5365770600076	-1404.4925470575197	-1412.443791421874	-1398.3197070454228	-1398.3198315647119
