# initial, wec=3.0, wec=2.6, wec=2.2, wec=1.8, wec=1.4, wec=1.0, wec=1.0_withlocTI
24.644925021092302	150.30654443528672	150.30654443528672	150.30654443528672	150.30654443528672	238.97875968112024	249.72789219848096	249.72790432639565
123.79691063978984	1.8783636186857484	1.8783636186857484	1.8783636186857484	1.8783636186857484	-4.98836094891606	7.3838043998459	7.383798841527135
287.86250754094425	50.95345105382545	50.95345105382545	50.95345105382545	50.95345105382545	176.17186856142672	185.84258046984186	185.84255721439672
-41.51326727424911	-188.46130072940733	-188.46130072940733	-188.46130072940733	-188.46130072940733	-200.54879677292965	-196.86912597019642	-196.86912503049174
-378.88471566154516	-435.6134542894268	-435.6134542894268	-435.6134542894268	-435.6134542894268	-449.40381989727024	-446.696140072395	-446.6961410890952
-257.950421570686	-277.5027070650479	-277.5027070650479	-277.5027070650479	-277.5027070650479	-253.55494245121147	-234.38766295143273	-234.38767193571297
-231.8329306210718	-137.81363332430135	-137.81363332430135	-137.81363332430135	-137.81363332430135	-208.12767242107557	-191.01368561506817	-191.01368725243245
325.7693921315721	282.39943507972407	282.39943507972407	282.39943507972407	282.39943507972407	186.9730097327273	177.5271747133862	177.52717645512058
348.34037254413	440.72631467963544	440.72631467963544	440.72631467963544	440.72631467963544	447.9053570433494	444.72603473598116	444.72603517522896
-303.6215848325315	-424.25103659181093	-424.25103659181093	-424.25103659181093	-424.25103659181093	-381.2993167756868	-374.3474053043569	-374.3473972138
160.7468803111383	129.64518546781846	129.64518546781846	129.64518546781846	129.64518546781846	227.37043602023488	221.1515846041942	221.15159042541802
-12.794946615084001	-118.47365672370516	-118.47365672370516	-118.47365672370516	-118.47365672370516	-102.89674655355725	-91.86566860391538	-91.86564490422984
-20.790128550434407	-36.91448466859684	-36.91448466859684	-36.91448466859684	-36.91448466859684	-94.1455232373511	-93.08560539043454	-93.08558440264568
40.27091864653447	112.87654580930685	112.87654580930685	112.87654580930685	112.87654580930685	-23.158261047405542	-54.42938952829949	-54.429381184348095
-359.63371945580064	-354.2491266281923	-354.2491266281923	-354.2491266281923	-354.2491266281923	-371.7659540544837	-384.138547214629	-384.13854173274075
303.0633150149032	428.38528752858485	428.38528752858485	428.38528752858485	428.38528752858485	398.9774080417256	407.44787630781565	407.4478755402094
275.14146093893515	350.3622253536659	350.3622253536659	350.3622253536659	350.3622253536659	409.3180056216325	413.50223970165246	413.50223895388103
-236.6860267956537	-90.90592424130902	-90.90592424130902	-90.90592424130902	-90.90592424130902	-43.37554694469144	-68.69318763902997	-68.69318479529817
