# initial, wec=3.0, wec=2.6, wec=2.2, wec=1.8, wec=1.4, wec=1.0, wec=1.0_withlocTI
681.1988125150626	869.9613249809902	873.8018055980717	872.3799072635319	875.5170461461764	882.1209046755031	892.3957110760902	892.3957129641433
318.09797219130706	409.84067364935095	422.8278670417143	411.4405758354187	414.9822406457827	433.94592993776155	499.1953319999752	499.19533752293484
-134.69884892600504	-226.22307499222282	-204.14643234209632	-205.8360346383136	-205.5553910090513	-220.66554545981427	-192.54025966388585	-192.5402574703642
400.61453123806376	798.868424435376	798.9112946501488	804.7766464359693	804.094225753763	813.7495254570166	822.3409404106981	822.34094178507
-663.094778477219	-877.9202192678116	-878.9286465812934	-878.7906141066728	-882.2167483738359	-882.9969982448962	-865.7117155255213	-865.7117370950872
-560.5845729370393	-360.24453854686016	-357.2599453406867	-350.11826406258507	-353.3139831859109	-383.76325993761037	-363.24951019040964	-363.24950978782226
-539.1921308948397	-737.3718448485706	-728.775342157601	-733.3274051522272	-731.7685990407886	-737.4032701272928	-772.8819747518102	-772.8819743057512
-81.30111061311412	-167.0163406884606	-197.86235050854052	-218.30650739190105	-235.7599291551688	-253.68122451288517	-267.7670413309944	-267.76699594662875
352.1675508164666	339.5192715778625	340.42680962996445	341.62368416317696	325.1198894870207	298.31674296239714	359.66976973434186	359.6697547029012
-188.11482640453136	-230.58033966326545	-215.5699527613934	-221.25392064971746	-208.49438550424853	-178.50128720676545	-116.7471407586191	-116.74712623109242
-510.680994602786	-801.2681337871145	-794.4914064059827	-800.447782529391	-798.617394950557	-788.4737978464799	-748.8684934728968	-748.8684897866667
-596.8261501870567	-871.1045404204945	-876.5410624505834	-876.145836516031	-876.211728168399	-872.5289204644868	-879.1633798161885	-879.1633802958614
123.63944671538292	414.49878223675887	414.41614746587663	402.9076188796566	404.26783652651767	384.46288483868017	307.0498324496767	307.0498278222647
111.51093220255825	198.13149322779552	193.60897246454647	194.2345400746654	178.02701822388448	174.11576921836385	246.0553303792785	246.05525447713276
662.0491585513267	824.7568565704058	826.0540729608265	829.1062665122016	827.7495021541583	814.0797014556119	823.4377896038264	823.4377897806895
-423.5777983061783	-516.0259319320564	-528.0970561015029	-521.7575268769019	-523.9415269298393	-515.9810240750863	-461.14363611499743	-461.14363683482003
15.50800186411494	104.02006573826952	109.55049932795531	116.84541791803413	116.11997417200378	126.10907054384063	120.17707024020207	120.17713272155247
577.2987995981955	833.5026480239936	833.1323948119918	832.6423352309068	839.2240836533133	849.1213817048226	825.007670721981	825.0076772684936
