# initial, wec=3.0, wec=2.6, wec=2.2, wec=1.8, wec=1.4, wec=1.0, wec=1.0_withlocTI
-815.6565973553231	-567.3787989246779	-562.1311069514004	-549.8542975421602	-533.2263541091421	-518.0570562042656	-508.216762283658	-508.21676235628627
334.2662787071744	595.8606788796694	589.3810833474009	585.7778025799951	586.8495594522897	589.6815828021279	587.2646197383752	587.2646196060987
-1349.3227699418978	-1346.1318714455113	-1349.0317326629693	-1350.8980318868742	-1353.1070148493316	-1356.5021646116795	-1362.4829480543601	-1362.482948039555
1182.7622096847533	1232.982218818307	1231.9210032922183	1230.304030657473	1229.2893039559644	1224.1009171276492	1217.8117104862517	1217.811710379328
-313.4299721703251	302.918006320375	336.2671670270805	365.9758920049579	390.85931920058147	409.41350890664825	414.1381581126288	414.138158475362
170.59542371567437	-699.6047274329586	-699.000491818587	-701.2629762381728	-704.7640844210595	-710.6563685318823	-719.5037758258611	-719.5037746949401
467.2813305038335	347.3212490215185	342.94970717629974	338.7112313096415	335.2889967203797	326.87015036412697	314.4807046004126	314.48070462097127
1213.698974617382	1463.06808795822	1464.5740400041016	1466.5942728799994	1468.7904732002785	1470.9923277948806	1473.8191414595883	1473.8191412189917
-827.6979227936339	-1450.0835094832255	-1451.326400026848	-1453.5678202075633	-1456.5334392354434	-1459.0010567608365	-1459.4015438437327	-1459.4015432789374
-839.1905558103972	-1388.5536731214245	-1390.68638399711	-1395.585988574904	-1402.0234146707376	-1407.699146309749	-1411.2815886979993	-1411.2815886700905
-1455.9619565049354	-1376.5718482972227	-1379.3585243875107	-1380.8925975732027	-1380.4374649258505	-1379.2300862925197	-1380.2609415097525	-1380.2609415589197
65.60541465917247	-661.7620313688644	-655.830301515909	-651.9773826216182	-647.3804185875275	-640.2357982836608	-627.4075360405398	-627.4075360714977
909.886041886965	854.2569057954667	855.7865631533025	858.1095455534303	859.5625673443096	866.9353751508577	875.7480447172211	875.7480448648718
-200.35147435221256	-190.09417240882485	-203.73017031968985	-210.49651932788126	-212.5990599153942	-210.14849721680915	-209.9489412065873	-209.94893917062345
973.6392950069177	1326.8584132134658	1327.1768204737389	1325.982744526433	1324.125215119252	1320.9721896637943	1316.1741209433314	1316.1741215595478
236.5995830108414	1459.23540152802	1460.2689815246993	1461.2579176460906	1462.0469515988111	1463.9521524974468	1466.6635218982894	1466.6635218930094
-372.01312490711945	-330.8047532193869	-324.07233970109695	-314.80349228810263	-304.39209227000737	-293.56697971273144	-279.0289201509625	-279.0289214199413
685.4528654232781	383.7418764338164	379.01409023991954	370.32498209468775	358.48338928728094	348.30434446269084	346.6224660262983	346.6224683900437
