# initial, wec=3.0, wec=2.6, wec=2.2, wec=1.8, wec=1.4, wec=1.0, wec=1.0_withlocTI
-548.2441941429854	-699.5710585959278	-698.9982472543172	-701.2627947129729	-704.7640793021316	-710.6563732809661	-719.5039642124073	-719.5039640092982
-719.2132379663765	-1450.0675522271836	-1451.3259175231715	-1453.5677766138044	-1456.5334375804443	-1459.0010566471328	-1459.401516761754	-1459.401516660576
19.15031302179071	595.8139482716515	589.3777349948888	585.7778055100304	586.8495604810707	589.6815885206346	587.2651707294962	587.2651706944246
-1356.529935696233	-1346.1524747460592	-1349.033974995187	-1350.898047560677	-1353.1070178325929	-1356.5021648159927	-1362.4827355719144	-1362.4827355692532
1395.6462266712224	1232.994025355603	1231.9259574278803	1230.303995265757	1229.28930441535	1224.1009179379985	1217.8114802880948	1217.8114802593389
291.12118934462217	347.3518024987546	342.9468626247742	338.71139946839634	335.2890002096681	326.87015709633647	314.48020526569536	314.4802052728545
1145.0897622562497	1463.0651817465955	1464.5747293340037	1466.594282507937	1468.7904736101057	1470.9923281529848	1473.8191557096943	1473.8191551244652
-745.5583438070048	-567.4004999196685	-562.1174464285679	-549.8543226744561	-533.2263586279973	-518.0570550559069	-508.21615854746136	-508.2161585668263
37.63180653407239	302.88699794272776	336.2649060440554	365.97596374499733	390.85932011799036	409.4135135758679	414.13838199390244	414.13838264252115
1144.5421797581314	1326.8761587900165	1327.1780025062048	1325.9828405675319	1324.1252178437971	1320.9721871088832	1316.1740179598492	1316.1740180708393
240.14191065288705	383.8021573228081	379.0159378268425	370.3251532739891	358.4833960116237	348.3043449389865	346.62258004431476	346.62258047002723
-1035.793473697051	-1376.5920753416603	-1379.3599550153801	-1380.892596330817	-1380.4374644884965	-1379.2300838475824	-1380.2607070806334	-1380.2607070954043
-522.468534352638	-661.7201186745499	-655.8256889674926	-651.9773501461261	-647.3804123521372	-640.2357978507703	-627.4079974755847	-627.4079974813285
95.72181483162856	854.2398571345309	855.7794315218584	858.109596297479	859.5625666873265	866.9353740066551	875.7483648357824	875.7483648757393
631.346323897543	1459.2281268845509	1460.2696495635812	1461.2578786698184	1462.0469507986181	1463.9521509942851	1466.663628964022	1466.6636289624707
-685.8922706207511	-330.81758584943	-324.0692245440846	-314.803447434092	-304.3920902924579	-293.56697791834665	-279.0288448835369	-279.0288479746546
-972.9829622900505	-1388.5448053466375	-1390.691905791109	-1395.5859786734638	-1402.0234129520982	-1407.6991467323605	-1411.281806109992	-1411.2818061029814
-107.81116061991503	-190.09881461860155	-203.7442493252115	-210.49645368056474	-212.59906046232743	-210.14849498153356	-209.9489048097072	-209.94890125633646
