# layout number, AEP (with NaN values removed)
001	1.394824726519863e11
002	1.394824715195738e11
003	1.3935672213425757e11
004	1.394824722672601e11
005	1.3936049520845898e11
006	1.3948247260252063e11
007	1.3948248248928366e11
008	1.3948247242399826e11
009	1.3948247179366214e11
010	1.3948247259205954e11
011	1.3948247416790042e11
012	1.3940425066635648e11
013	1.3948247191509152e11
014	1.394824728647351e11
015	1.394824726545233e11
016	1.3940191091720062e11
017	1.3948247256875146e11
018	1.394050936124024e11
019	1.3948247410960394e11
020	1.3948247294749564e11
021	1.3940320887238315e11
022	1.3940318252066296e11
023	1.3948247907019724e11
024	1.3935639469286673e11
025	1.3937427663959784e11
026	1.3948247625593835e11
027	1.3948247293255725e11
028	1.3948247236294788e11
029	1.3948247251879214e11
030	1.3940429097227518e11
031	1.393725280126831e11
032	1.394824723652516e11
033	1.3948247590547922e11
034	1.394824778885704e11
035	1.3948247266056796e11
036	1.394824722686651e11
037	1.394018812313629e11
038	1.394824726084282e11
039	1.393614473949787e11
040	1.394019108600199e11
041	1.3940194827539804e11
042	1.3940182831262747e11
043	1.3948247817306714e11
044	1.3930354846275903e11
045	1.3948247071511493e11
046	1.3948247678878067e11
047	1.3948247248108667e11
048	1.3948247249185944e11
049	1.394824720179163e11
050	1.3948247620334277e11
