# initial, wec=3.0, wec=2.6, wec=2.2, wec=1.8, wec=1.4, wec=1.0, wec=1.0_withlocTI
-724.9436165151184	-434.5279119197673	-425.34461325549034	-421.46254825521305	-421.4626838830131	-425.4148869239742	-431.34615406984705	-431.3461546628398
392.05701199682363	355.20416147288034	351.8235995192985	349.855551655976	350.50399080879424	357.2270722103143	367.1534116207807	367.1534136598935
759.5324025905787	879.4132457976665	879.5612052945933	879.8613088382945	880.9109474881736	882.0013221338859	882.6960425523913	882.6960432573438
-44.860089347143	186.92794025339248	190.43728526281132	193.47332387936365	195.96226269945691	196.01342643206138	191.11096055022279	191.11096147179182
-334.49185054077645	-360.7541066861011	-358.56258988103855	-347.5173633415136	-331.354203385809	-312.00304619678707	-296.33869525955055	-296.3386945889542
335.80013467244487	724.8949326835609	726.9612351223898	730.2951759121796	733.0817736016483	734.2550121630958	729.9945313875214	729.994534383478
-854.2753966314915	-808.4805909902143	-811.3862663734998	-811.6623374445229	-811.2730554623417	-810.5587092601302	-810.5786415348427	-810.5786413099866
-391.4411133745003	-871.3430667474602	-870.9206732712961	-872.3603053615449	-875.0126274043122	-878.3383910789918	-880.4137734590998	-880.4137735119657
35.941548511327206	175.44735290317595	193.1166061160494	212.47652716245813	234.10336409945177	254.46781667631262	271.2962224455477	271.29622220089453
479.51894041709056	788.1532171879805	793.1468716696206	795.2165242363127	795.216452355262	793.1091816285276	789.8990412509385	789.8990409271184
-445.07224093446524	-826.9401451591466	-828.3840624763418	-829.2171567060994	-828.943274553301	-826.0682894773573	-821.7045529478473	-821.7045520367324
27.856569090099683	-191.39577612157643	-190.71467210283203	-189.3253210994027	-184.379778165023	-179.09122746497013	-175.63512308859868	-175.63511954569213
465.33309452383367	880.3737531030763	879.621305149322	878.9585160558737	878.406962403118	878.3955468136946	879.4751848446726	879.4751846444145
-548.087518086755	-824.5340954420332	-825.4894725943055	-830.1997844955332	-836.7821651418035	-844.188426338855	-849.813731173995	-849.8137314078389
530.217400370577	533.4110390427364	530.5915220832566	525.9933041779564	522.1025887828569	520.451320601057	526.4104711575494	526.4104670029361
-268.5519563656738	-395.4227282385671	-389.42563705354445	-388.84990674309273	-389.66142929655905	-391.1452145228909	-391.10390676587366	-391.1039072318971
87.4059411711201	225.30259663136036	226.92990315890046	221.3311944339286	210.60128655839907	196.26938314022314	186.73935713584478	186.7393568865996
-172.89125436444306	-113.742812341561	-123.52585765950776	-126.57343859577671	-123.5367267849564	-115.85065081506816	-95.41220699522381	-95.41220516208557
