# initial, wec=3.0, wec=2.6, wec=2.2, wec=1.8, wec=1.4, wec=1.0, wec=1.0_withlocTI
-723.0887365191403	-1415.7001548663652	-1413.5642569260676	-1412.1434665022268	-1410.1281459853506	-1407.3064967023913	-1407.1846618798957	-1407.1846627048565
297.8083230203255	532.5614481573937	515.4968033789935	497.66522705514177	482.9533272336656	474.051815241206	470.76425933506687	470.7642640660857
1255.090251096013	1447.1940889814373	1446.1074372614678	1446.4236302974366	1448.1114434449896	1452.7461239897323	1458.6479480627045	1458.647947990187
323.621277180697	28.924701692864357	34.21773200921001	43.967905685161384	54.27214533534758	59.58787489225657	63.403734795573556	63.40373304302375
-648.7088317817178	-660.1625057573632	-653.3388256408541	-645.5775480280308	-633.7000443204503	-614.1348092211351	-605.8095707634109	-605.8095654715294
116.46769157645731	270.6005991586822	268.2742496685444	265.6440540578764	265.7029547416933	265.7832743536772	267.40663362209216	267.4066280073614
202.1694419072728	-209.18305452076973	-178.14030613427596	-141.2386530109584	-107.98882086804076	-86.43926326479495	-76.5011267757068	-76.50112782227005
-1094.807533535662	-1332.4489950147556	-1333.5049913319356	-1332.4224037853544	-1335.5060835227116	-1340.7039249196378	-1343.564558818096	-1343.5645566151863
1159.4539160328904	1247.6660204305715	1258.9030316393953	1268.7609272081752	1274.753543144412	1274.8491144034128	1272.6476657011037	1272.647665572979
-90.35230187465726	-495.77522315124713	-501.8327326337327	-505.816992612043	-511.40846168871	-519.1227455865487	-519.4529116095551	-519.4529093747486
-1254.0883525710765	-1402.27611549057	-1408.6387207913745	-1415.0368623399647	-1420.1253763245024	-1423.1215255798643	-1424.212418217067	-1424.2124166532358
-352.31205745853276	-394.49875859436884	-398.4636495155348	-397.3143361586697	-391.11794923870804	-373.5354056190749	-349.78016484523425	-349.7801651475037
328.66270911733795	686.6121023883583	692.2338913591756	697.1373343522145	701.933867339619	707.774164041237	716.1083647375928	716.1083645759742
-1262.1176871038258	-1346.9170234928126	-1350.2401189970294	-1353.968105047208	-1359.5676716789508	-1368.5168747766586	-1372.222563689223	-1372.222566025375
-485.1158203427763	-350.28118873916674	-356.80401758439996	-365.8064005857471	-370.3868380407595	-371.9993350982368	-372.43325512585204	-372.4332520226036
1116.397285834819	1485.342536344331	1489.384447124397	1493.3357435271175	1496.1077551871103	1497.5073468515789	1498.047922355278	1498.0479223018108
1007.5854218086401	688.8974350817615	686.8511032964946	688.9488644964155	682.9520488308768	672.6908548667026	666.9589764678348	666.9589809055136
583.787616335761	832.6640991563722	815.575353317423	800.1535537569713	790.5715682040295	790.4174438524724	793.9571266672111	793.9571268725847
