# layout number, AEP
001	1.3947993482489084e11
002	1.3947710954040042e11
003	1.3947719381272134e11
004	1.3947993976547446e11
005	1.3947711899545636e11
006	1.3938280413161664e11
007	1.3947725951290744e11
008	1.394771931344721e11
009	1.3947722750106287e11
010	1.3939877879481665e11
011	1.394771872793405e11
012	1.3939808634578275e11
013	1.3947717798272653e11
014	1.394772576257101e11
015	1.3947788533733466e11
016	1.3947719493133746e11
017	1.394799386056028e11
018	1.3939840846603043e11
019	1.394772190435405e11
020	1.393700284114489e11
021	1.3937646733296735e11
022	1.3940379475865225e11
023	1.3947788520554187e11
024	1.394811854685881e11
025	1.3947717328677463e11
026	1.393054915094336e11
027	1.393984427466762e11
028	1.3947726958752817e11
029	1.3947726311805276e11
030	1.392835564979139e11
031	1.393824250808275e11
032	1.3947706707270538e11
033	1.3936942696177948e11
034	1.3947714687743906e11
035	1.3947726468436902e11
036	1.392835480656702e11
037	1.3936652837366043e11
038	1.3947993191412885e11
039	1.3935272942836264e11
040	1.3947716423617456e11
041	1.393971249716363e11
042	1.394771526164292e11
043	1.3936969603827008e11
044	1.39477185151577e11
045	1.394771944046183e11
046	1.394771937899681e11
047	1.394772219436034e11
048	1.3947726277707974e11
049	1.3947993734568793e11
050	1.393981211819309e11
