# layout number, AEP (with NaN values removed)
001	8.08511431689674e10
002	8.085114347501874e10
003	8.084621317993764e10
004	8.071584261305144e10
005	8.084856617743797e10
006	8.085160709020734e10
007	8.075208586942178e10
008	8.085131935630602e10
009	8.085111626883493e10
010	8.085114179295804e10
011	8.085111920667606e10
012	8.085185589120354e10
013	8.073426738223943e10
014	8.084648016972147e10
015	8.085063989246167e10
016	8.085162092523683e10
017	8.085160544441225e10
018	8.078296153432745e10
019	8.084690479866774e10
020	8.084648734938065e10
021	8.084602682798123e10
022	8.085160588141318e10
023	8.085045650788799e10
024	8.084693027095271e10
025	8.071421005121596e10
026	8.085159738488927e10
027	8.07106317466416e10
028	8.08511364066535e10
029	8.085160546859384e10
030	8.085064057642165e10
031	8.067368526729562e10
032	8.07573653289878e10
033	8.084622702930829e10
034	8.085160706375568e10
035	8.084651176155756e10
036	8.069541269457545e10
037	8.071677794751642e10
038	8.085098200199144e10
039	8.08518549621328e10
040	8.085144159670943e10
041	8.085045645196223e10
042	8.085185512089156e10
043	8.085185585510274e10
044	8.085034797838432e10
045	8.084645776389426e10
046	8.084666474736087e10
047	8.08491903382101e10
048	8.085160542638402e10
049	8.084632831030676e10
050	8.084652855419182e10
051	8.085162821747617e10
052	8.085185839291475e10
053	8.084633003601695e10
054	8.073607130850212e10
055	8.085160329120433e10
056	8.08469268479283e10
057	8.069536368909822e10
058	8.084987452456586e10
059	8.07793603218253e10
060	8.069781421817921e10
061	8.07365210646008e10
062	8.085045645167667e10
063	8.073690342314291e10
064	8.085112225743408e10
065	8.084652855675897e10
066	8.077755999195914e10
067	8.084857004217358e10
068	8.085172915487871e10
069	8.085127788211754e10
070	8.085185623837758e10
071	8.073677823101703e10
072	8.085158696416516e10
073	8.074057381310307e10
074	8.077757143488054e10
075	8.084793228589983e10
076	8.085185261193799e10
077	8.085114259376537e10
078	8.085173250081786e10
079	8.073681063054225e10
080	8.085114222634282e10
081	8.077772363062042e10
082	8.073426413824565e10
083	8.085045642044691e10
084	8.085185447383727e10
085	8.077756088569623e10
086	8.07108433266217e10
087	8.085049569254364e10
088	8.085060510174727e10
089	8.08511243163662e10
090	8.08511962951556e10
091	8.084848606076106e10
092	8.071689293626155e10
093	8.085160152718314e10
094	8.085162700417665e10
095	8.071018316638155e10
096	8.085185504154591e10
097	8.069544664071472e10
098	8.085094941883504e10
099	8.073481007486516e10
100	8.085172423358754e10
