# initial, wec=3.0, wec=2.6, wec=2.2, wec=1.8, wec=1.4, wec=1.0, wec=1.0_withlocTI
334.1180564477621	419.7199083687135	383.28250790154857	383.28250790154857	383.28250790154857	383.28250790154857	407.9755490295807	407.9755490295807
67.92946366324517	-78.01676160986187	-110.48231539565177	-110.48231539565177	-110.48231539565177	-110.48231539565177	-55.50857755557605	-55.50857755557605
-264.17416273381207	-442.6080681369015	-440.3377504775278	-440.3377504775278	-440.3377504775278	-440.3377504775278	-403.4706787197636	-403.4706787197636
105.57443467491505	22.84444769256305	-11.867907423946194	-11.867907423946194	-11.867907423946194	-11.867907423946194	183.53145334362426	183.53145334362426
-111.07254355996548	-251.36922045404944	-267.5874777629798	-267.5874777629798	-267.5874777629798	-267.5874777629798	-50.704564892566445	-50.704564892566445
-178.9263312890681	-332.5327450717208	-330.3582662395159	-330.3582662395159	-330.3582662395159	-330.3582662395159	-198.63732049192637	-198.63732049192637
-41.651619477582116	-224.62867019406593	-235.8170750198878	-235.8170750198878	-235.8170750198878	-235.8170750198878	48.459078892770464	48.459078892770464
132.69597853135934	168.00750481465187	116.2582492689154	116.2582492689154	116.2582492689154	116.2582492689154	177.2130208732768	177.2130208732768
374.47608715285355	376.34860612293915	374.80409390067763	374.80409390067763	374.80409390067763	374.80409390067763	300.73958326452674	300.73958326452674
73.58390609785039	162.28280892475365	235.80806837207186	235.80806837207186	235.80806837207186	235.80806837207186	189.88406200241002	189.88406200241002
139.41506981603263	159.1356114266758	163.7298621883098	163.7298621883098	163.7298621883098	163.7298621883098	194.37990569048412	194.37990569048412
19.02291501239537	81.22899716412503	92.75184943414065	92.75184943414065	92.75184943414065	92.75184943414065	199.2773052259681	199.2773052259681
-308.5977147574349	-449.42319147553854	-449.895915404723	-449.895915404723	-449.895915404723	-449.895915404723	-410.8725321081501	-410.8725321081501
395.75697412023885	373.24731740907146	361.8023169168526	361.8023169168526	361.8023169168526	361.8023169168526	447.13432617154365	447.13432617154365
-310.80919120395805	-303.1894185549143	-305.58804900704797	-305.58804900704797	-305.58804900704797	-305.58804900704797	-403.78611048058167	-403.78611048058167
-88.65793848632453	-46.81104027026523	-55.84111914221443	-55.84111914221443	-55.84111914221443	-55.84111914221443	-95.14070798376618	-95.14070798376618
406.49272651930124	417.4611198877095	434.72635895363237	434.72635895363237	434.72635895363237	434.72635895363237	293.11439825356194	293.11439825356194
-158.5309910175552	-246.70459901574085	-249.06325451082728	-249.06325451082728	-249.06325451082728	-249.06325451082728	-111.34047148959128	-111.34047148959128
