# layout number, AEP
001	1.3943705834913712e11
002	1.3932436013482956e11
003	1.3943705836151968e11
004	1.394370583590539e11
005	1.3908602421785324e11
006	1.3911980560510263e11
007	1.3943705836173703e11
008	1.394370583359886e11
009	1.3943705898837036e11
010	1.3943705741054388e11
011	1.3943705745498132e11
012	1.3943705833663876e11
013	1.3908475669056012e11
014	1.3943705836173926e11
015	1.394370575450532e11
016	1.3943705752215585e11
017	1.394370574224193e11
018	1.3901565915529977e11
019	1.39437058366386e11
020	1.3901725165754834e11
021	1.3943705756987662e11
022	1.3903170286485382e11
023	1.3943705743751306e11
024	1.392810721979876e11
025	1.394370583359859e11
026	1.3901972532988287e11
027	1.390304282839005e11
028	1.390317254373508e11
029	1.3908001012540277e11
030	1.3943705747748102e11
031	1.3912032279951047e11
032	1.3894266712141055e11
033	1.391203230665869e11
034	1.3911980739440344e11
035	1.3906940539081503e11
036	1.389564093375333e11
037	1.394370583575818e11
038	1.3943705834913422e11
039	1.3908177813506775e11
040	1.390317253845407e11
041	1.3895472029067444e11
042	1.3902726711287488e11
043	1.3943705835965967e11
044	1.390317294951376e11
045	1.38908684656359e11
046	1.390531516885926e11
047	1.3943705812276035e11
048	1.3902347148167896e11
049	1.3943705742302737e11
050	1.3903034703389395e11
051	1.3929663865282016e11
052	1.3943705827442642e11
053	1.3943705786703836e11
054	1.3943705835943564e11
055	1.3906940539147583e11
056	1.3911980647212177e11
057	1.3943705754631198e11
058	1.3943705786725546e11
059	1.39437058348597e11
060	1.394370583893855e11
061	1.394370589883771e11
062	1.3943705749541312e11
063	1.3943705812283456e11
064	1.3908001014795245e11
065	1.3897505289946634e11
066	1.3943705836399603e11
067	1.3943705786634985e11
068	1.394370583617354e11
069	1.3908177680344983e11
070	1.394370589883809e11
071	1.394370583618516e11
072	1.3943705836244888e11
073	1.39288421750296e11
074	1.3943705910022388e11
075	1.394370581228308e11
076	1.3943705754407837e11
077	1.389965142747693e11
078	1.3890510923511142e11
079	1.3908475727796207e11
080	1.3943705836151324e11
081	1.394370583357595e11
082	1.394370583590078e11
083	1.3943705898834305e11
084	1.394370574771278e11
085	1.3911980577755e11
086	1.3943705836016266e11
087	1.389546844858122e11
088	1.394370583590089e11
089	1.3894067526106656e11
090	1.3892361083791946e11
091	1.3890868465635504e11
092	1.394370574758421e11
093	1.3932114319551364e11
094	1.3888116763663257e11
095	1.394370581226939e11
096	1.3895469702932248e11
097	1.3943705898826086e11
098	1.3901417899139227e11
099	1.3903172533955292e11
100	1.3890510922687497e11
