# initial, wec=3.0, wec=2.6, wec=2.2, wec=1.8, wec=1.4, wec=1.0, wec=1.0_withlocTI
-317.25081443622304	-582.7725064962813	-579.4788152704605	-582.9021519893892	-591.3655420784524	-589.2841258192706	-592.6094075857733	-592.6094075857733
481.01417953456684	412.03903181589254	411.6327443459316	410.95364448187564	353.57846819299215	350.49055923602907	340.81422885298053	340.81422885298053
-179.0060905779993	160.00791996039598	126.53060623739236	114.39714757508955	192.25693282914293	253.24261382412058	247.12057607436077	247.12057607436077
-128.848704545495	-259.9137131007815	-284.43486539104373	-289.67415766412284	-239.71302947558647	-194.06828351203666	-174.90112337548732	-174.90112337548732
357.0211855216976	62.015581761133944	77.7052758234346	102.54188256249303	64.70286420521303	66.19320086862507	-0.5276253533684531	-0.5276253533684531
328.4029060574225	595.0597692880358	593.1401317774023	585.691219943801	546.7512423608922	531.3093391499334	550.1810636643693	550.1810636643693
-411.74575875850456	-534.8519754246834	-541.2840336000489	-531.7402293812767	-499.74301394369	-508.97516520818874	-505.2070178868957	-505.2070178868957
-68.38004125970905	-329.5501256616012	-310.3588881097054	-295.49882783656903	-284.8849164640491	-263.71103326079464	-307.26985394385235	-307.26985394385235
165.17108731155838	498.2590311966773	495.89054130620593	511.8952934498036	572.0394290265003	585.9504437776791	576.6714260642269	576.6714260642269
307.5749472038626	142.74531493166498	155.5773207473904	142.214970011253	101.42384158696719	112.8902965600836	93.90071363213092	93.90071363213092
2.507220625806994	436.14679413130693	436.530049138557	437.1694565297884	484.7496950285758	486.98703051151875	493.8074953480948	493.8074953480948
-508.2259221460526	-578.2715686011104	-586.5066127061591	-588.9944134288179	-568.3636791519408	-543.9376605310348	-546.7476755809678	-546.7476755809678
-62.642799389032874	-540.7817585820217	-528.2961360355562	-525.4426507589982	-550.034238479421	-567.7477444558484	-573.9422803290505	-573.9422803290505
427.6289694377426	596.7864640735094	594.9469643506475	591.1727262031002	596.5010807732385	551.7361895092234	508.315915900742	508.315915900742
-462.6433739474731	76.83883731601482	90.46979657595871	130.25289095779107	247.10944736456557	278.7658266934121	239.37921438437925	239.37921438437925
-238.78384732164415	-271.90691652440375	-258.8659787830352	-277.94575023038084	-332.0495746337841	-317.7172976120658	-323.6817784830526	-323.6817784830526
595.5031793840756	501.3948203522016	513.4952391099453	522.1881296510319	528.0535809662426	538.9401552459469	515.3576332969687	515.3576332969687
-181.49544522191155	-334.275470068042	-337.7759185061564	-312.99116937154236	-181.02732290744294	-129.08166964639705	-165.68468331983817	-165.68468331983817
