# initial, wec=3.0, wec=2.6, wec=2.2, wec=1.8, wec=1.4, wec=1.0, wec=1.0_withlocTI
100.02395014652272	559.0674582331275	566.9444627253823	567.4528471468029	572.0264117916319	585.9504482946221	576.7041731095826	576.7041731095826
-542.9733093927832	-599.8904243050191	-599.7720886362071	-590.4951860693279	-591.3648298249822	-589.2841262704231	-592.568637519438	-592.568637519438
-129.96465882103996	-437.1672652889704	-435.589919942899	-352.23877267333245	-284.8892509389688	-263.711757565156	-306.9236025848603	-306.9236025848603
-74.38652225566776	-149.87149157599853	-181.8762295789052	-251.25679005665552	-239.71328822296047	-194.06827729919866	-174.85769527897946	-174.85769527897946
186.647157153367	317.0169785689951	305.35327519195636	321.22673709922645	353.59243543120874	350.49169737454093	340.88047358169484	340.88047358169484
210.59030959800342	-69.87098805432433	-72.01124671225202	-11.927253864918463	64.70559653845942	66.19548715129793	-0.5842644761404665	-0.5842644761404665
527.0013332613313	561.1049733817026	548.4686322456432	544.1263942707911	546.7660340006772	531.3093282390283	550.1131333321005	550.1131333321005
500.9212972531739	278.0264318591717	255.39301314854282	190.27051329219077	192.2567506347295	253.24261328799756	247.27319916738605	247.27319916738605
-479.1158872171665	-472.7726556841082	-479.47937488074945	-515.3462930907486	-499.74203064728886	-508.9751572930812	-505.3293172160765	-505.3293172160765
-250.23685450947556	-217.81546581163937	-196.40922182809058	-194.92887852131935	-181.0684568018711	-129.08164913469074	-165.56899675643643	-165.56899675643643
114.23543444589903	11.466622064865886	16.700571294732914	106.37403849322699	101.42799447801968	112.8902942050563	94.15667998790295	94.15667998790295
407.88200313094126	410.9559436435092	412.63324470426585	485.724044300586	528.0512425759687	538.9398008329841	515.5656739140171	515.5656739140171
-594.0802053058839	-580.9806677922959	-571.7723211151722	-544.8578045266505	-550.0341257460851	-567.7477465795185	-573.9555251998863	-573.9555251998863
239.66565121410025	509.4116562718039	516.4893120315704	506.7675835833995	484.7395070029966	486.98621137719437	493.7617538586484	493.7617538586484
555.7336871725213	595.9178174080735	595.6655992493706	599.8814388470445	596.5007843968907	551.7354551026889	508.6008118098147	508.6008118098147
252.03352763589447	212.51167103973455	243.2752369445341	252.8368798410923	247.07671712962582	278.76584748887797	239.5359176269289	239.5359176269289
-328.07042621612885	-531.6966290795591	-542.9325161819435	-569.0317552750358	-568.3637408063926	-543.9376607802271	-546.6786125332574	-546.6786125332574
-316.61897975298956	-369.4401387012369	-360.6979491027596	-307.27544377064277	-332.0510545475286	-317.717310290899	-323.4891970619589	-323.4891970619589
