# initial, wec=3.0, wec=2.6, wec=2.2, wec=1.8, wec=1.4, wec=1.0, wec=1.0_withlocTI
-346.9481570449995	-697.5764106253326	-699.700363883641	-700.6238171024924	-705.0663550011242	-710.6807414439124	-719.8426108352077	-719.842608686641
1154.975154988849	1233.0408960150764	1231.643902746236	1230.907852824583	1228.6830623747758	1224.9249839405188	1218.7527542242865	1218.7527717941766
299.4648733510601	595.9299825745371	589.8683203550512	586.2269758465994	586.8611729170439	590.079717743663	591.3893678348375	591.38936835343
359.42405762455354	348.14877307296075	342.6081623070965	339.40339768627405	334.69229769055244	327.69034178909806	314.95745033864233	314.95744747291974
-1401.3365540594182	-1449.5015537231163	-1451.464577299843	-1453.7008844666093	-1456.7572692667568	-1459.002021669376	-1459.8482746952327	-1459.8482604160756
84.08712377096505	301.7975508207634	335.9626654859186	365.0198518840685	390.3530849183517	408.33727578443455	415.9218334841327	415.9218513207964
1161.519227395423	1463.0662834371763	1464.6408791982406	1466.5087461240719	1468.9102448366666	1471.1351042808092	1473.6444522721476	1473.6444496303648
-624.4773428504666	-568.1859477426724	-561.7280131500589	-549.9884648896563	-533.8472723311886	-518.4622478872494	-508.13576361173796	-508.1357388807074
-1056.082127442828	-1346.8856940411686	-1348.8277788049513	-1350.9283746404558	-1353.0984317697585	-1356.8005802340826	-1361.4810309884192	-1361.4810312817292
1166.167445112864	1327.9258913754338	1326.8079869345718	1326.3205875659503	1323.9642904992327	1320.9590779801786	1315.9888356767892	1315.98883685205
688.0000450204828	854.1722031379545	856.1853317481342	857.2431930017021	860.4289246391922	865.7706324820489	874.4379475244176	874.4379230362849
-994.7481974234846	-1376.541858321442	-1379.1502332406064	-1380.7019713710476	-1380.432527933397	-1379.0597985195939	-1378.4986817592214	-1378.4986815367406
841.217444496891	1459.0381926676146	1460.3491629041805	1461.097313144948	1462.1836669984489	1463.768780355883	1466.561217432188	1466.5612180476287
472.1290657095532	385.9342507392681	378.4845916989473	369.80229750301305	357.5727356232831	348.3003027368134	344.7361525418446	344.7362130095409
47.739970945056555	-191.34590021593888	-203.4172174260305	-210.40214293123566	-212.6997092314953	-209.72604142714783	-207.13741649007187	-207.13743794237052
-536.3242204010796	-330.8127128974964	-323.7701406101687	-315.2017259089558	-303.8135841762788	-292.85065304098794	-279.9500460573674	-279.9500599635929
-1158.207343833411	-1388.2235881486922	-1390.8492558289377	-1395.5331203756962	-1401.7871057629104	-1407.5499627428126	-1411.3107544898523	-1411.3107633941424
-283.6977289573168	-660.2264212502524	-656.249666046556	-651.9145098915972	-647.398359127262	-639.6031473728578	-629.5787498468404	-629.5787492125509
