# initial, wec=3.0, wec=2.6, wec=2.2, wec=1.8, wec=1.4, wec=1.0, wec=1.0_withlocTI
-548.2441941429854	-697.5969700597218	-699.6188311722125	-700.6284708526871	-705.0630361833953	-710.6202678152524	-719.8276073540362	-719.8276073540362
-719.2132379663765	-1449.5199915254634	-1451.4427100269495	-1453.6665889052153	-1456.754261399853	-1458.9655279931053	-1459.8484801185907	-1459.8484802195312
19.15031302179071	595.8936251839667	589.8381165013628	586.1844570749867	586.8406862875768	590.0256863214637	591.3982001294522	591.3981992950197
-1356.529935696233	-1346.8824115776138	-1348.864011482894	-1350.9959144478057	-1353.099891862971	-1356.8799578940254	-1361.4827036732913	-1361.4827036063552
1395.6462266712224	1233.0734356522428	1231.6882451763179	1230.852279859056	1228.6903063561178	1224.9417884018806	1218.7479237191185	1218.7479235155963
291.12118934462217	348.1607601554671	342.7137744375141	339.3148452726311	334.6576560006036	327.69309449539634	314.955146503274	314.95514660129135
1145.0897622562497	1463.0594218668489	1464.6313022881118	1466.5190237257357	1468.9077848111453	1471.1413879365687	1473.6436185202067	1473.6436184844226
-745.5583438070048	-568.2026503929965	-561.7993960492528	-550.0659242178433	-533.8996836498391	-518.5728318327913	-508.1286075603838	-508.12860757612304
37.63180653407239	301.8082300847585	335.9185160746762	365.0121188169351	390.3483967993483	408.2915537327858	415.9326704118344	415.93267095720284
1144.5421797581314	1327.915083576434	1326.850975249921	1326.3181343670005	1323.9660560920524	1320.9916139569386	1315.9970424324533	1315.9970424324533
240.14191065288705	385.86499659577476	378.56844182028306	369.9371217706248	357.5850100383116	348.4531393168481	344.73528263791195	344.7352822104603
-1035.793473697051	-1376.5575861174052	-1379.1631507296663	-1380.7200321834277	-1380.4412370429782	-1379.082916158614	-1378.494892585259	-1378.494892943245
-522.468534352638	-660.2331184273806	-656.1751907207903	-651.7745439193307	-647.3953064283248	-639.4347347085355	-629.5751326080706	-629.5751327528228
95.72181483162856	854.1252267489433	856.1215380621805	857.322983895199	860.4185897258877	865.7468594560844	874.4446800286331	874.44468031229
631.346323897543	1459.0353275754806	1460.3243812963626	1461.1178922753768	1462.1915925483086	1463.768163583778	1466.561712200036	1466.5617121789862
-685.8922706207511	-330.84306011960877	-323.81345310852646	-315.1539060003978	-303.8254765910417	-292.819086079398	-279.9544348544667	-279.9544350428294
-972.9829622900505	-1388.2167514546122	-1390.8204232360472	-1395.5025982646864	-1401.767152070896	-1407.5092249401564	-1411.3133309718107	-1411.313330966144
-107.81116061991503	-191.36928991477882	-203.45618375934154	-210.44547992534584	-212.7070963927588	-209.74132828709966	-207.14084753163297	-207.1408460395029
