# initial, wec=3.0, wec=2.6, wec=2.2, wec=1.8, wec=1.4, wec=1.0, wec=1.0_withlocTI
-942.2849804058008	-1159.096943598118	-1160.3292883962404	-1160.9560804518771	-1167.2227197410502	-1180.0434508285311	-1190.488908257957	-1190.494610647412
156.14522757640668	272.27598205704516	269.75496351247835	275.468389215741	272.0526386151623	281.47456130378913	247.11361544650393	247.12949454082934
-71.06472684716837	237.24098630251362	266.6560677172999	290.11150268559294	311.3489115539337	349.37360826681555	355.65927775488524	355.5463861223567
315.7769052114721	470.8172133252928	464.2308310958512	461.7386052345761	482.3972686685917	505.28704110092036	471.4776155033384	471.4112045021383
836.7978292892012	984.4075301494671	984.5717705786382	988.2013608073606	979.7445987973307	1001.859938468015	1035.6236605247043	1035.6167177899829
-345.85501595512335	-469.2593241109183	-464.3589090693245	-454.2691863068832	-422.62909044968666	-425.8685730807181	-484.82241762445574	-484.86879606340034
631.9601286805291	1169.7941290374613	1170.7185504287427	1172.165609111877	1177.0710457336586	1174.0892155553677	1151.0121863085794	1151.0036865202858
-991.8361357804264	-1079.0950050064364	-1080.9230362563555	-1083.6927350904064	-1082.8579580399212	-1100.0038336793573	-1111.206896003958	-1111.232473895485
-518.8380657455758	-559.2179862296288	-558.1895764981144	-550.742284817432	-562.0416095771968	-610.3157041195844	-678.8595771646445	-678.8707029120205
490.6931017367068	310.6352777453634	305.9999061506327	303.61327059788727	278.5518371707477	217.93911577748725	150.7851428847596	150.7401141682866
960.0491174571285	1168.702609563734	1169.2870732483689	1167.9542706974405	1168.754622003088	1166.521355926908	1174.2805716952644	1174.2772300134225
271.33866671279065	-149.7568852274154	-160.03810448215873	-173.72115127174874	-176.3738971342048	-173.56368666608577	-161.08338725348239	-161.0735760005784
-1111.3303207975525	-1103.7803910711946	-1106.5666431627244	-1107.6088949341486	-1098.7687996969198	-1088.4323633349866	-1103.4984631068978	-1103.5268353193062
517.6045648444662	686.2520051990837	686.0163471677132	680.7775506065376	692.8928641058847	660.5124255491451	606.2042838527385	606.216144484707
-783.2006448026417	-1104.4436096681088	-1106.5129025860176	-1110.693256140498	-1123.1138199041645	-1121.889463229297	-1097.700880644986	-1097.6803954722154
-340.9195373902836	-267.5475579940649	-263.4731025769284	-256.9587247588915	-233.4603892456731	-248.02119700088306	-339.36845311422934	-339.3972799194503
-177.7739872910306	-524.9323486672016	-521.1577397588478	-515.3737213145657	-517.1253701399152	-479.57436133359744	-417.096496326794	-417.08407606541283
963.0715845079194	1061.7321903511613	1062.2732213634602	1066.1533593770487	1060.2401752428377	1033.2060501400604	989.5199212203056	989.5122883156827
