# initial, wec=3.0, wec=2.6, wec=2.2, wec=1.8, wec=1.4, wec=1.0, wec=1.0_withlocTI
-258.1394711005765	-460.1679960448109	-470.44894631264367	-476.47397667587734	-463.5727101394147	-410.9082033657091	-445.71319281402253	-445.71319281402253
-52.61521795802366	302.26521204878077	269.1561622153487	235.81194671973836	219.5401563922069	232.21822687913834	257.5460854839116	257.5460854839116
45.36895103723309	293.71320414017134	280.22149480540423	258.6264817411174	291.63589731950555	210.73885480195423	268.1782956561397	268.1782956561397
435.16921576427575	548.5430481946044	535.5973983140208	515.2425418577709	521.3585081085571	522.6642980188791	546.3475522818071	546.3475522818071
-153.8063828997009	-93.74176196546618	-99.36991969687244	-109.2696141909718	-57.884004458064204	-234.6614280190718	-131.61952685784314	-131.61952685784314
335.5543231826953	571.0320490634109	574.7482328267681	582.8273000594047	582.673414193244	580.2928828747233	579.6524852842673	579.6524852842673
-581.7526813533586	-599.8934292670983	-599.9887008907174	-599.7750524574283	-596.7344959230596	-538.1108304783627	-501.92376138132977	-501.92376138132977
-393.36564278464283	-128.0227680863107	-167.22846979781642	-200.36101705912495	-206.56834886103496	-171.73038016904013	-150.48808646829076	-150.48808646829076
-372.95927253400106	-454.3924530870468	-453.50144612790575	-464.93545907955644	-475.8063992102857	-582.5123933897603	-539.824832193281	-539.824832193281
-56.457855091933155	-385.02651482628124	-372.39466821280286	-364.6540135741617	-380.9203885512014	-437.21342156000344	-401.67119606903594	-401.67119606903594
-426.6401806727881	-518.3008283782495	-536.2415130717735	-551.7179766730901	-558.3924424016548	-553.2410076820399	-541.9132899753557	-541.9132899753557
288.3540400747083	523.194568755435	530.5430367548184	541.3985072180753	524.355321699558	561.7777363477657	536.7312192699135	536.7312192699135
349.59115339235876	243.10599599440482	270.43562435310247	307.449383751253	296.96010847051434	294.6677241514623	248.00070990962558	248.00070990962558
556.2996213747194	592.6318273280372	591.7141362680435	589.9662294342781	597.2013412810612	552.2095621532677	585.3855995407793	585.3855995407793
-139.1784543272302	-184.1803771697749	-172.2337622607932	-142.52136166251375	-143.14919626874809	-152.51966252128176	-154.92900407532593	-154.92900407532593
-90.80136633806042	-11.308177213300166	-3.682228057727863	-16.428221936968615	-62.513529539227925	-177.7083766087463	-49.99408325094245	-49.99408325094245
-359.6441673087963	-586.1827184882125	-576.2244691863411	-565.5576565295454	-563.3200841873347	-574.8996960406605	-580.8212597960859	-580.8212597960859
267.7786689960057	391.8258525117338	392.8567657046247	379.25587526512777	365.52465097520087	143.80519369117522	261.8953045541211	261.8953045541211
