# initial, wec=3.0, wec=2.6, wec=2.2, wec=1.8, wec=1.4, wec=1.0, wec=1.0_withlocTI
199.27320121061723	150.77979158108914	139.6224800765204	117.39843571615417	124.86029971865477	161.7830775829261	177.56569869115032	177.56569869353345
318.0546329993321	456.17624219601316	465.30186835872365	466.8223621887153	465.2586022166772	487.1199266022562	486.31068993058494	486.31068993035365
-216.80351096280913	-511.6023881321499	-547.8938348887474	-563.4706264049775	-565.0983491800655	-550.1084919382325	-554.0409603119646	-554.0409603133224
-301.4401784083898	-337.59767143446606	-290.37697825811966	-280.8235417879404	-259.37316119737216	-272.81257784426344	-273.9734886616679	-273.973488663943
581.7299037247902	591.0832378463988	589.2668189399618	587.305798692489	588.0222533413632	589.020748025618	590.3117240195281	590.3117240200696
-155.4348089610194	-199.99051656022817	-268.51015539075496	-288.0088189071209	-263.837030970039	-224.1867458206074	-198.85031035650806	-198.85031035991227
279.6619437946311	275.4505473973415	221.79753657224035	218.5670683114254	228.53357079200336	235.16830061004939	242.0156627101484	242.01566270801737
-130.22388197427796	78.58594240705088	105.88702699065256	97.44463866395725	95.4285456616839	131.69550642310188	132.28855963173484	132.2885596327993
-518.2329253651652	-590.1572782958219	-575.5389942888139	-574.0800418509147	-578.3274791857816	-588.101425090877	-587.5279238017065	-587.5279238016149
97.07041116227506	-33.25437190605699	-96.19723846653237	-89.88343328951007	-86.4031817536642	-86.71079863337008	-77.74460131768375	-77.7446013218708
394.36277377735365	389.74766736785375	378.8080815244578	376.93088543109326	378.85938428839853	350.3059675243099	351.42838937575647	351.42838937607655
-144.38259073448236	-313.469323708102	-244.57626458994343	-206.157420064495	-201.6528099332237	-239.54268754405314	-230.30113828770908	-230.30113828444252
235.7279729202548	496.01232158351615	525.0616441222177	530.2246131183599	541.0411844309839	534.3906354199414	533.7963352352248	533.7963352340571
-57.50770367323472	-103.05801904833459	-112.9866994150353	-122.7677112395424	-119.28884933364861	-114.25682011921724	-107.38746893887026	-107.38746893589348
-551.323824722714	-565.6889297509304	-536.5677204007446	-526.3562697156369	-538.8784845295966	-556.5432849464559	-566.090588219908	-566.0905882187122
-243.87776695737725	-533.0356592266107	-557.5015866983788	-558.774049235276	-554.7723920862126	-551.9927462124579	-549.0249712016458	-549.0249712025852
545.2796352032694	594.8314565673309	590.5869352998399	592.0342451985437	592.3625517138097	585.3685204565754	585.2347708318097	585.2347708315691
-32.820191939965504	108.23334105947704	169.6049706649415	174.448045161143	159.80402629038912	118.89836073929368	121.70020030089943	121.70020030134167
