# layout number, AEP (with NaN values removed)
001	1.4405584559156192e11
002	1.4407012126892917e11
003	1.4413200353708112e11
004	1.4413099596319534e11
005	1.4404656568212506e11
006	1.4412585698153116e11
007	1.4409666120392065e11
008	1.440394412937497e11
009	1.440703266387744e11
010	1.4407305143558148e11
011	1.441309959632126e11
012	1.4413099596329083e11
013	1.441250114861231e11
014	1.4404993815133963e11
015	1.4409611478785013e11
016	1.441233882972101e11
017	1.441004937274912e11
018	1.440643849608678e11
019	1.4411882449057355e11
020	1.4407460337388428e11
021	1.4413099596327417e11
022	1.4412338829721878e11
023	1.4412205643570544e11
024	1.4411882449057373e11
025	1.4412071655834e11
026	1.4413099596330322e11
027	1.4413099596319284e11
028	1.4404127859304187e11
029	1.4413099596319363e11
030	1.4413099596321317e11
031	1.441207165583418e11
032	1.441309959633479e11
033	1.4412071655834247e11
034	1.4411882449057297e11
035	1.4412071655834177e11
036	1.4410755737197748e11
037	1.43991908367032e11
038	1.4412528163878036e11
039	1.440746033743954e11
040	1.440311895331405e11
041	1.4409611536430157e11
042	1.4413099596319403e11
043	1.441207165583425e11
044	1.4411882449057376e11
045	1.4404986155313095e11
046	1.4407012126812817e11
047	1.4408926023089322e11
048	1.4413099596319263e11
049	1.441309959632217e11
050	1.440893207365585e11
