# initial, wec=3.0, wec=2.6, wec=2.2, wec=1.8, wec=1.4, wec=1.0, wec=1.0_withlocTI
24.644925021092302	-41.37622963052604	-41.37622963052604	-41.37622963052604	-41.37622963052604	-41.37622963052604	-91.32870839428844	-91.32870839428844
123.79691063978984	47.21726363967184	47.21726363967184	47.21726363967184	47.21726363967184	47.21726363967184	152.41569360159133	152.41569360159133
287.86250754094425	73.39286546017962	73.39286546017962	73.39286546017962	73.39286546017962	73.39286546017962	441.36052035616245	441.36052035616245
-41.51326727424911	-174.36721514561484	-174.36721514561484	-174.36721514561484	-174.36721514561484	-174.36721514561484	-111.23566907298441	-111.23566907298441
-378.88471566154516	-420.5204698561957	-420.5204698561957	-420.5204698561957	-420.5204698561957	-420.5204698561957	-418.3914303163127	-418.3914303163127
-257.950421570686	-357.4058375266849	-357.4058375266849	-357.4058375266849	-357.4058375266849	-357.4058375266849	-338.8162111708766	-338.8162111708766
-231.8329306210718	-166.3327806277556	-166.3327806277556	-166.3327806277556	-166.3327806277556	-166.3327806277556	-133.0769193115394	-133.0769193115394
325.7693921315721	391.93365334773046	391.93365334773046	391.93365334773046	391.93365334773046	391.93365334773046	404.8708309205516	404.8708309205516
348.34037254413	309.7086347993833	309.7086347993833	309.7086347993833	309.7086347993833	309.7086347993833	169.87886449543763	169.87886449543763
-303.6215848325315	-268.277807713339	-268.277807713339	-268.277807713339	-268.277807713339	-268.277807713339	-384.4852218417425	-384.4852218417425
160.7468803111383	208.4243013488353	208.4243013488353	208.4243013488353	208.4243013488353	208.4243013488353	209.625460645935	209.625460645935
-12.794946615084001	-43.03077598119437	-43.03077598119437	-43.03077598119437	-43.03077598119437	-43.03077598119437	-87.75993435249394	-87.75993435249394
-20.790128550434407	7.516147073352395	7.516147073352395	7.516147073352395	7.516147073352395	7.516147073352395	178.01341636829605	178.01341636829605
40.27091864653447	160.46703230222536	160.46703230222536	160.46703230222536	160.46703230222536	160.46703230222536	165.67739886378197	165.67739886378197
-359.63371945580064	-273.4974175043311	-273.4974175043311	-273.4974175043311	-273.4974175043311	-273.4974175043311	-296.14997141032154	-296.14997141032154
303.0633150149032	418.1371449469955	418.1371449469955	418.1371449469955	418.1371449469955	418.1371449469955	429.8752762093779	429.8752762093779
275.14146093893515	221.1182958836305	221.1182958836305	221.1182958836305	221.1182958836305	221.1182958836305	196.41785812566187	196.41785812566187
-236.6860267956537	-326.48245807340237	-326.48245807340237	-326.48245807340237	-326.48245807340237	-326.48245807340237	-416.70315595516666	-416.70315595516666
