# initial, wec=3.0, wec=2.6, wec=2.2, wec=1.8, wec=1.4, wec=1.0, wec=1.0_withlocTI
138.76115140059596	414.88980842816926	452.9962048122941	508.3709816020638	571.4518727059522	607.9714768548291	597.504857147816	597.504857147816
-649.747202032966	-631.8788303241055	-571.6742584224584	-500.0180870137466	-420.2617426746215	-266.53525206267983	-243.91433777894073	-243.91433777894073
-223.89118147226395	-623.1154610856883	-626.6075457316657	-639.7642613950068	-641.4343074052268	-672.7724656459438	-672.0640259546923	-672.0640259546923
-847.1780229352786	-1379.8036895697826	-1400.921294221701	-1405.087778448391	-1386.956925055477	-1344.4727373938667	-1320.059375257349	-1320.059375257349
687.4414498454142	548.7729799857335	540.487999266471	448.6666426247066	392.68603844033413	313.2735763773111	306.6078693175821	306.6078693175821
879.0951166331356	1266.5454744789342	1277.8274131355486	1316.7132176488235	1346.949162756568	1332.91385351159	1320.114378973639	1320.114378973639
-1144.4365537504611	-1427.7001390160333	-1413.904822156182	-1419.7705915176743	-1441.5477705784208	-1468.0657331225536	-1470.7997913533457	-1470.7997913533457
85.81145319762685	301.5196556447199	305.351371351015	341.21417186879137	344.1410197326314	178.13242003465513	163.93475665666966	163.93475665666966
1414.7970262704594	1452.1070263942456	1451.9935807535626	1446.7835347664366	1452.4031058217206	1469.9274023831158	1470.1034377174478	1470.1034377174478
1386.6336348722252	1441.4806442771853	1429.9630898822736	1411.2260432209132	1386.8823876562394	1371.2660877659407	1361.71082627418	1361.71082627418
976.624679368308	1360.415066621791	1386.7907348468739	1414.2071675179393	1439.9236327380306	1476.1297230964008	1480.0357414015375	1480.0357414015375
-873.055002274987	-1364.4512167887938	-1362.8510496866995	-1356.7246182780427	-1355.9358499895452	-1340.662974038635	-1330.0525011435398	-1330.0525011435398
-405.6957498689888	-588.338150995855	-536.1152183963773	-525.0984049251788	-571.2709410454327	-665.1263477569595	-683.2901041810484	-683.2901041810484
-976.5702822455718	-1396.0115390726546	-1399.2400518313243	-1431.3274411523985	-1447.6870087523891	-1466.9218337683053	-1468.3295319760746	-1468.3295319760746
652.4705501695778	803.6557479560378	785.5934713573628	718.5167377792131	660.0969269376733	668.6177523295837	651.8433740480457	651.8433740480457
307.35792429673324	460.0785985764931	500.872392814273	483.9953176029226	414.65651476013335	307.8684844921264	294.5300897276273	294.5300897276273
-58.01113984864648	-224.4400534614209	-287.1745586495368	-326.14461102569555	-350.59968343168265	-477.0358173907422	-493.63056722759245	-493.63056722759245
-7.211158269569529	-376.0122127456731	-376.45005173388853	-396.00177212827634	-374.8669341380405	-298.8535291320854	-297.98637957385046	-297.98637957385046
