# initial, wec=3.0, wec=2.6, wec=2.2, wec=1.8, wec=1.4, wec=1.0, wec=1.0_withlocTI
-219.2498869296532	-247.52301464020792	-247.52301464020792	-247.52301464020792	-247.52301464020792	-247.52301464020792	-312.77269512798244	-312.77269512798244
16.646837375200718	2.16597509364443	2.16597509364443	2.16597509364443	2.16597509364443	2.16597509364443	149.69141563513247	149.69141563513247
74.60079032637705	-88.42998679444167	-88.42998679444167	-88.42998679444167	-88.42998679444167	-88.42998679444167	-34.90897987526542	-34.90897987526542
-226.35701154147907	-257.46287343098334	-257.46287343098334	-257.46287343098334	-257.46287343098334	-257.46287343098334	-223.7799995693917	-223.7799995693917
408.7290490921869	440.0447937247927	440.0447937247927	440.0447937247927	440.0447937247927	440.0447937247927	427.8703338513329	427.8703338513329
22.823327093158994	-155.80046890560953	-155.80046890560953	-155.80046890560953	-155.80046890560953	-155.80046890560953	-137.42296301254686	-137.42296301254686
337.76240732695527	138.2569520045159	138.2569520045159	138.2569520045159	138.2569520045159	138.2569520045159	189.80289711210372	189.80289711210372
-411.6677008543582	-438.2557985871909	-438.2557985871909	-438.2557985871909	-438.2557985871909	-438.2557985871909	-446.931237489266	-446.931237489266
315.20354998874393	289.4714367525787	289.4714367525787	289.4714367525787	289.4714367525787	289.4714367525787	309.42891003541877	309.42891003541877
99.6929224513853	131.85619790024685	131.85619790024685	131.85619790024685	131.85619790024685	131.85619790024685	219.74220416929685	219.74220416929685
143.10017175611677	171.40304879443266	171.40304879443266	171.40304879443266	171.40304879443266	171.40304879443266	130.79198976252152	130.79198976252152
-258.98706152284205	-64.6073910932863	-64.6073910932863	-64.6073910932863	-64.6073910932863	-64.6073910932863	-113.42476009306809	-113.42476009306809
-387.5281283386881	-369.1026051652828	-369.1026051652828	-369.1026051652828	-369.1026051652828	-369.1026051652828	-390.41326507860913	-390.41326507860913
-72.5467735981362	-94.1314588348883	-94.1314588348883	-94.1314588348883	-94.1314588348883	-94.1314588348883	-139.38290532737742	-139.38290532737742
430.8865325593183	422.1726649903708	422.1726649903708	422.1726649903708	422.1726649903708	422.1726649903708	428.5031673505955	428.5031673505955
-290.7213711011969	-428.26276865235747	-428.26276865235747	-428.26276865235747	-428.26276865235747	-428.26276865235747	-408.01330891735876	-408.01330891735876
-22.99230391371514	-102.14179834215528	-102.14179834215528	-102.14179834215528	-102.14179834215528	-102.14179834215528	-52.46402602241158	-52.46402602241158
263.9111500970241	344.5379832844061	344.5379832844061	344.5379832844061	344.5379832844061	344.5379832844061	326.73203445219485	326.73203445219485
