# initial, wec=3.0, wec=2.6, wec=2.2, wec=1.8, wec=1.4, wec=1.0, wec=1.0_withlocTI
-184.15660728822897	-595.2958267140187	-592.9622233993076	-591.4116133666688	-590.2461506458446	-589.1956254803089	-588.0450980721608	-588.0450979725392
25.176389573710622	-48.337004254243766	-47.43083791222549	-105.47505958063995	-113.07956467797028	-127.34377188801743	-135.97383039439396	-135.97383042900904
203.3693201643435	458.31594658096424	475.25850844601314	499.3031451960054	496.44590969732076	530.43199339091	537.4105134804871	537.4105134905423
0.33645125007124577	-327.8186647659549	-267.5834253788663	-231.11651022794527	-221.48653047565588	-238.6570384375152	-243.19012999453142	-243.19012995916762
515.2635529799403	598.918193626042	599.1148464724428	596.0422983639997	596.6723800107045	589.177970433996	588.0834840096145	588.0834840217785
-441.6201028797242	-199.8393279241936	-153.5870916462532	-137.91013462602126	-144.46697759817235	-168.32792915144054	-185.3584774606561	-185.35847724429686
357.0770056866735	396.7752633648519	402.10877312834714	325.9640544873713	319.62770177268544	283.07456494651854	277.3347200881769	277.3347204037196
320.3570327951053	114.11844527496713	175.1710156325197	227.77814755736009	237.20443677302	217.11800902349415	198.06566412175573	198.06566425019219
-392.78887899944345	-431.7226201750975	-441.42285084719197	-460.06383326832463	-472.4243460940352	-480.2732019102544	-489.7640672004702	-489.76406723266905
197.56538477985356	74.99133673291078	91.62890438739835	101.15496758640727	107.77628318529277	113.35128986856547	119.17618316300798	119.1761836545662
-323.59641569552446	-598.0502611707308	-598.122353738461	-590.656486462838	-589.2511385997881	-586.3305925511121	-584.3895254433265	-584.3895254352724
5.837589899528162	387.2395803569174	366.2367721689878	332.71066960228467	336.95958189963386	280.431632287347	266.81442989583456	266.8144298755817
459.85567465336004	502.5286236396972	537.0280538892347	553.7013393057024	557.6244357333576	550.4932497353935	548.5057526345945	548.5057526502737
192.698751094769	-36.06853587430774	-32.57931600721148	-68.8022119264944	-63.104022533079366	-113.44302162444656	-118.98662040378062	-118.98662034366042
10.375939337139428	-35.64001289896731	22.190386999256436	61.3694779020448	57.366339679120856	64.69975257234508	65.95664188306623	65.95664199949226
-380.8050344904218	-450.0773455943078	-445.318700763123	-503.733602938702	-507.77765401083735	-529.0262665315771	-532.0577534757036	-532.0577533112272
462.0714132186791	589.0483481368908	573.8598438931753	555.0829931147398	551.1228329170826	559.3386900239192	566.3655998522578	566.3655998073418
-411.5452531531009	-416.6723958038192	-406.38144147283833	-385.15100284502745	-369.90279382484783	-359.6354425343421	-346.59942077166454	-346.59942072616576
