# initial, wec=3.0, wec=2.6, wec=2.2, wec=1.8, wec=1.4, wec=1.0, wec=1.0_withlocTI
-447.4054663079647	-459.0912995910157	-459.19923663535786	-444.96115381869083	-432.63859320712066	-414.460703946888	-393.6818319526078	-393.68184951500933
-106.68925466559678	240.62590083024932	265.96925895157676	292.66334031025747	316.1259018775876	334.48542008311506	350.14626048876033	350.1463228770504
647.5828110098121	266.2448490710924	269.0827907776745	267.0463921380917	267.59019864878775	262.7448578279202	248.75008432956267	248.74995354259948
30.681490272604073	-567.2275540829411	-560.7646199692656	-561.3271082522766	-562.5977135321638	-567.1790403237208	-582.6151327409525	-582.6150787033506
-864.6329751436401	-1074.5850545458331	-1079.4028104804609	-1079.6349151142897	-1082.053361464014	-1083.1272001682037	-1080.3794881358824	-1080.3794962873326
-735.6363239193876	-1161.7656286795425	-1161.3392119461994	-1163.5512832058453	-1166.212287230919	-1168.9901215866623	-1173.7539658323615	-1173.7539519879012
713.8995270756674	1171.7892913201304	1171.852022468631	1173.266899281845	1174.4492196332535	1176.3516129898703	1178.2331741667913	1178.2331637893985
1136.9993190753182	976.8359963567475	979.583479905756	980.6452763518605	982.3069579456212	980.3587231089252	970.0530795927581	970.0530334458473
124.58840701725755	478.7582620383574	470.55829452892664	470.1798063437315	467.76934878025224	474.0956074058797	485.90044080364237	485.9005049674098
-1103.1681151388086	-1108.708803296605	-1108.6640901247783	-1114.4548323620638	-1119.2961394543383	-1126.1537749731565	-1133.584851341283	-1133.5848452420494
18.242601715452267	-149.33370567779514	-162.6025324630947	-165.10804198013622	-166.96790265731968	-160.4482142051926	-137.50319561204694	-137.50323069772546
756.7665260837423	1170.0913130528468	1169.441941176768	1169.908640433526	1169.7843756885354	1170.8822057270418	1173.9350048218323	1173.935032534831
1160.6926320732964	1057.474776939412	1060.916134829229	1060.6186314262213	1059.9451933126863	1057.5007972658748	1049.075596466357	1049.075626476704
-318.0292457426523	-534.103907904124	-524.2991260022085	-523.8210135712139	-518.8068262422138	-516.5611950794677	-522.2836026674091	-522.2835858055751
763.6385169265332	300.5006391720402	302.1443964133972	293.5105018806372	282.7523679532395	271.03891903828156	249.6029400724364	249.60300517578756
-418.8499124192603	-258.66940019790076	-258.3850746756687	-251.8824794960224	-246.31084132470758	-237.05881679097726	-227.52271819061818	-227.52277193025105
76.56248172701865	696.9874020467292	693.1206323592783	691.6175571440997	689.2554246662778	692.0236802489512	706.3972131687713	706.3972765395617
-780.9344851098663	-1100.3592767405785	-1103.8907978742338	-1104.0520598090627	-1105.0754892529646	-1102.3762311655107	-1097.2241164077766	-1097.2240879931576
