# AEP values for layouts 1 to 504.5427718672556946e10
4.5418067385243675e10
4.515474919231285e10
4.5619912464563385e10
4.541808182405365e10
4.542774190356378e10
4.54180514009119e10
4.542774612657563e10
4.515474919789896e10
4.515474876316842e10
4.562087395928686e10
4.559559600324872e10
4.541806773197935e10
4.5535374432770515e10
4.542774289155744e10
4.542774116007797e10
4.553537506600536e10
4.542774259595327e10
4.542774161719642e10
4.5427741531564354e10
4.555359130411415e10
4.555360226615401e10
4.5427744592570175e10
4.542769070886873e10
4.541813225700613e10
4.5596418189691986e10
4.5342540412201e10
4.5418062904803154e10
4.5592191620882225e10
4.542772442426264e10
4.5427736788841835e10
4.542774254591678e10
4.542773802473929e10
4.515474925593622e10
4.515476832004437e10
4.515474898372735e10
4.542774081643501e10
4.555355941642833e10
4.541807834987683e10
4.560655685273771e10
4.542773789218201e10
4.550155625392016e10
4.515474922366442e10
4.542774074645381e10
4.54277420727871e10
4.542774250427985e10
4.559609308230748e10
4.5621650957797005e10
4.541806646533438e10
4.542773617051178e10
