# layout number, AEP
001	8.139719790360309e10
002	8.140148286321751e10
003	8.132862777805206e10
004	8.13971979036031e10
005	8.140148286321771e10
006	8.139904053100061e10
007	8.139904053100093e10
008	8.139719790360306e10
009	8.13173885331481e10
010	8.130616646765472e10
011	8.13971979036031e10
012	8.130195788845976e10
013	8.130952224495737e10
014	8.13061665019514e10
015	8.13990405310003e10
016	8.133336898921849e10
017	8.13971979036031e10
018	8.139719790360309e10
019	8.127444611751648e10
020	8.13990405310002e10
021	8.143511266666258e10
022	8.132341497963266e10
023	8.12891881991867e10
024	8.139811351565929e10
025	8.139904053100096e10
026	8.140148286321773e10
027	8.129351835084007e10
028	8.130374462547731e10
029	8.132177370963747e10
030	8.134142627449667e10
031	8.137087689829402e10
032	8.138711019212045e10
033	8.139904053099992e10
034	8.128644092146376e10
035	8.132862777811424e10
036	8.13971979036031e10
037	8.130545578002003e10
038	8.130952224495688e10
039	8.140148286321774e10
040	8.130541657372333e10
041	8.139904053099998e10
042	8.130676245993343e10
043	8.14014828632177e10
044	8.13452828640753e10
045	8.132177370965393e10
046	8.131026005909364e10
047	8.140042659252705e10
048	8.140148286321768e10
049	8.130545577974236e10
050	8.139904053099973e10
