# initial, wec=3.0, wec=2.6, wec=2.2, wec=1.8, wec=1.4, wec=1.0, wec=1.0_withlocTI
-966.7859665707748	-598.1243323063409	-591.1356964276639	-583.822366370884	-578.246273203478	-607.2691359844705	-611.2626739382828	-611.2626739382828
453.38130979164436	681.298363604404	682.8076581202669	681.876265973643	679.893746333989	668.3409499748943	707.8897242115099	707.8897242115099
262.4754292467064	-285.47675593049553	-297.77378680760825	-303.78769047530994	-312.0128921782637	-292.9791067205714	-304.79767908331263	-304.79767908331263
94.6825020977844	621.9681694350534	610.3680111518614	597.8073952664403	586.3495194320388	545.868734899663	463.95728272112586	463.95728272112586
1233.8595357329336	1499.9626695772943	1499.9032346470237	1499.716712278579	1499.3705372672398	1497.2847525026918	1490.256534695003	1490.256534695003
-563.4762424550127	-1218.313367734552	-1224.3949358419072	-1223.61326765662	-1224.0942962503022	-1198.2214482355323	-1170.9250873614476	-1170.9250873614476
-341.7961689631166	-391.09744306873654	-397.33651911760165	-407.45290854983244	-417.9895847541315	-424.7283839270671	-436.3064436724127	-436.3064436724127
875.9156942476303	859.6762286050313	845.7441649618538	833.773829676694	820.2154855897389	826.8133876698373	882.1668116480317	882.1668116480317
-1405.1685870711083	-1465.1159239745618	-1466.256067548063	-1469.4898077126636	-1471.8383370768613	-1481.822934999143	-1471.507319069875	-1471.507319069875
1012.4683002780896	1375.5897947578667	1378.6074832287832	1381.7204672793378	1384.0633105195536	1371.5772664765282	1369.8021812635766	1369.8021812635766
40.47027569650696	115.54414530352274	113.36949004973651	112.46685866434557	115.64078217772052	137.33296398093012	196.6609419781008	196.6609419781008
-1422.8037987754121	-1472.5838000261	-1470.1465137746056	-1468.915599907335	-1467.1904972138318	-1471.109528031797	-1468.7063648870073	-1468.7063648870073
947.5390174813101	1364.9745772907918	1370.2010403498361	1375.7275596444947	1380.6499342925633	1397.1497144069576	1426.444404801278	1426.444404801278
283.7539532513973	10.583977770561305	17.037837545120333	29.1510402574061	43.45102962201413	90.21291452031221	170.69112965488654	170.69112965488654
-1124.1728235417622	-875.0500230887767	-866.5200768206313	-867.6235198801976	-866.944723663845	-902.366533640812	-937.5150611646148	-937.5150611646148
-161.16356372599228	205.72097553973072	204.87363311953663	200.27862800588036	200.972373885536	179.82504012352805	252.7272002679892	252.7272002679892
-748.4772455282374	-1229.2098259145255	-1238.836876977719	-1246.9246975919084	-1255.884770669269	-1251.5508871747954	-1213.1701142135985	-1213.1701142135985
351.36920038121656	321.6136451383891	316.3750064955792	300.9978490668949	289.2955400812938	232.81063703535023	290.97459549394574	290.97459549394574
