# initial, wec=3.0, wec=2.6, wec=2.2, wec=1.8, wec=1.4, wec=1.0, wec=1.0_withlocTI
260.7467580147864	238.80624767254076	266.97718956970425	291.6495962278909	317.4468777787913	334.31155658661714	352.52742679323296	352.5262445406171
-1019.8281408102926	-1077.1733844916469	-1078.6331924105252	-1080.3809728826611	-1081.47206687577	-1083.3286783168494	-1080.9081878208049	-1080.9082939526297
1030.5104695041646	1171.5071088200368	1172.165924779149	1172.9979414029876	1174.569718845117	1176.4835910491065	1177.5462911614343	1177.546216404018
-506.21895292474267	-462.0373453048024	-456.42309923020895	-447.0404084166912	-431.1268786818868	-414.334373687016	-391.22734754043137	-391.22761708138614
97.00753677161451	269.16669899650833	266.92515294910976	267.44374360656275	267.09541927335044	261.3582510169296	247.13192240831245	247.13193181501302
-418.22345201633215	-563.3648369408979	-562.6215236241096	-560.7839026221767	-562.381804549014	-568.9464403683423	-580.8367845433467	-580.8367531717074
-650.6221452819378	-1160.2090422656122	-1161.8136683618643	-1163.4997979654308	-1166.2566965767553	-1169.4132233514838	-1174.0373704600534	-1174.037329868864
996.046897825711	978.5400747573783	978.8389965238431	981.724915045394	982.2302255935242	980.019609007548	967.3018549168571	967.3025245300673
474.0301207941698	478.3439718569805	473.2198184358165	468.4868561257283	468.52792627233305	474.1371348189564	486.3343051856222	486.33491529865586
-370.5282568068968	-150.95818704539036	-160.74527110686859	-166.54966209983712	-167.39280440929488	-160.41492215749258	-131.3846125412697	-131.38408851305252
-353.820816350345	-528.8643525196286	-525.8806292594475	-522.2805313556252	-520.0174694829504	-516.1385313519582	-521.1885354670565	-521.1883153567577
-231.0847580106792	-259.94440581347186	-256.95728202689116	-253.13203958478465	-245.73558059894933	-236.40296860504762	-231.05136263048158	-231.0517436259298
-886.087368750559	-1107.4843076575887	-1109.8098731265259	-1113.6224105335873	-1119.8792856723508	-1126.200263860099	-1134.434291855201	-1134.4341988995304
457.82246104877976	1169.4226303248793	1169.9363071223686	1169.8178678776057	1169.8974472163416	1171.1924980477645	1174.2767190602087	1174.2767170805103
1090.01054912622	1059.5376640846612	1059.9325550029164	1060.9059404866393	1060.0597652553474	1056.5509684254646	1050.0612504617777	1050.0612678148589
193.49388023365233	306.45551032682357	300.3148348112107	293.7145214905137	282.569137893939	269.2075673225258	248.26649546751	248.26668740366313
630.2241359521367	694.5929183812077	694.1716062216015	690.0841913702372	689.3647684140242	692.503846723899	710.1599266951697	710.1590146141625
-1024.8136326675913	-1100.5394335075546	-1102.7524669841391	-1104.771499287265	-1104.754082274891	-1102.358371246382	-1097.0318790269494	-1097.031608551663
