# layout number, AEP
001	1.3936446560738196e11
002	1.3938037724622452e11
003	1.3938375677596323e11
004	1.3938112423176035e11
005	1.3936774197601855e11
006	1.3925348525057922e11
007	1.393640121090489e11
008	1.3930271115138806e11
009	1.39293188650074e11
010	1.393750491326376e11
011	1.3932263447354773e11
012	1.393246823780142e11
013	1.3939706624678e11
014	1.3935302232889285e11
015	1.3935817589938998e11
016	1.3944417976251782e11
017	1.394088029804092e11
018	1.392940410911609e11
019	1.3934753704635693e11
020	1.393475738432711e11
021	1.392545833992988e11
022	1.3925072953540784e11
023	1.393372162335545e11
024	1.3943374676195898e11
025	1.39363063277552e11
026	1.393057907293867e11
027	1.394066136115847e11
028	1.3931457405225916e11
029	1.3939863928735712e11
030	1.3934126158764777e11
031	1.3939790269323663e11
032	1.3935252106907492e11
033	1.393767466859193e11
034	1.3931323212930618e11
035	1.392955416671717e11
036	1.3931359350169897e11
037	1.393837567812318e11
038	1.393639006660709e11
039	1.3942864091913934e11
040	1.393361210233615e11
041	1.39347101207603e11
042	1.3935271924691956e11
043	1.394442295052602e11
044	1.3944404277374646e11
045	1.393625253147034e11
046	1.3944432386268518e11
047	1.3927565643115726e11
048	1.3917013008137045e11
049	1.3937169703208133e11
050	1.3933592803298285e11
051	1.393655109605136e11
052	1.3935792895365353e11
053	1.3944449647432632e11
054	1.3936275053734412e11
055	1.3925670247177805e11
056	1.3939817709170374e11
057	1.3938046229522992e11
058	1.3928165735257333e11
059	1.393144680475786e11
060	1.3930575750575702e11
061	1.3932568109595496e11
062	1.3936520021929724e11
063	1.3932996511353494e11
064	1.3936388580864273e11
065	1.3930364138998093e11
066	1.393476140512065e11
067	1.3911363206523022e11
068	1.3935305557091068e11
069	1.3930353224314896e11
070	1.3932469102766788e11
071	1.3944613404648932e11
072	1.3932639358060812e11
073	1.3917500163016608e11
074	1.3937520305545435e11
075	1.3924036383128702e11
076	1.3939516744836603e11
077	1.3931453679626056e11
078	1.3928377400006305e11
079	1.393412638145913e11
080	1.39444000143553e11
081	1.3936164401020993e11
082	1.3936538097218576e11
083	1.3935252209753378e11
084	1.393252774022341e11
085	1.3935865237962766e11
086	1.392810718386917e11
087	1.3937525426849075e11
088	1.3926348376290262e11
089	1.3924412606327237e11
090	1.3933491161704013e11
091	1.3944417682264133e11
092	1.3930664193779333e11
093	1.3923248235252585e11
094	1.3932496147853433e11
095	1.393660024613533e11
096	1.3937655371268835e11
097	1.3930414706556396e11
098	1.3931945200660443e11
099	1.3920467048703705e11
100	1.3927927413023474e11
