# initial, wec=3.0, wec=2.6, wec=2.2, wec=1.8, wec=1.4, wec=1.0, wec=1.0_withlocTI
306.3453236259262	268.5615422316266	269.4732445326308	264.73520826660024	266.28444182531126	261.2440025034302	251.96544524687536	251.96544524687536
-413.75185806905324	-564.4681774761153	-559.7658881651435	-563.8007304046475	-563.9078853285486	-568.1214771904714	-577.7816983166862	-577.7816983166862
533.9535529090824	478.20977737321925	471.36742114252866	471.0511723163384	469.65340110725765	474.46640721895	481.2371621129654	481.2371621129654
-504.0810256628308	-1075.3698027712198	-1078.981650430385	-1079.327121641214	-1081.4554731025517	-1083.1752385713282	-1084.586904127913	-1084.586904127913
928.7711173712314	978.0366626311422	979.8147133233358	979.432500472245	982.1968848549066	979.3501838058274	973.467522417057	973.467522417057
-1070.6048302522538	-1161.2817015855164	-1161.3494343399832	-1164.2544697529256	-1166.5070217352443	-1169.094826514506	-1171.4284937676084	-1171.4284937676084
-342.9084773652489	-460.21015853631087	-458.5655831108581	-444.7581312861629	-430.2884231867005	-414.1836187659301	-399.83037095365125	-399.83037095365125
938.3312570603032	1171.370264287247	1171.8234487488999	1173.6386699769507	1174.6797464890865	1176.581009267559	1178.0175441004696	1178.0175441004696
117.9234071549308	238.6497464253099	266.1072752299336	292.2854647324842	315.2697156401538	334.35196460422367	348.3383611367587	348.3383611367587
810.995715362254	1169.5617552268536	1169.352030185368	1170.433795494364	1170.0823034745345	1171.2179862360613	1173.2491716017275	1173.2491716017275
372.75159228507704	1058.9502735813674	1061.4434278145202	1059.3057804301861	1059.248741798994	1056.9947905094625	1051.7455214280867	1051.7455214280867
-603.87743032665	-1100.5977510163975	-1103.5455379419004	-1103.6805666060377	-1104.2760906036046	-1102.2166885525705	-1099.2774425611776	-1099.2774425611776
-299.88915737855757	-532.5221007675862	-525.1653055760883	-524.454921349607	-520.051977909476	-516.460455937656	-513.4906427728382	-513.4906427728382
623.8932292948817	695.3015814157528	692.7937121458133	693.3339581100624	689.4122719792165	693.4502271361721	701.6844081036844	701.6844081036844
97.44107691537653	302.36535774347436	302.1050999999722	290.7086681460931	281.5339558817052	270.58692990130317	260.2989972930331	260.2989972930331
-1052.8075501335522	-1108.244833096424	-1108.9263302933618	-1114.5358696448577	-1120.201710826801	-1126.2557125118792	-1131.4308782502155	-1131.4308782502155
-108.73045361032965	-260.56037036612565	-258.5146127103557	-250.14450294838412	-245.20908719687606	-235.91763112753185	-228.6366694520191	-228.6366694520191
-107.2726008422718	-149.63352569756617	-162.5449180298259	-164.8599593252803	-167.06836682396462	-161.0461640871712	-145.35539028065358	-145.35539028065358
