# turbine_x, turbine_y
1403.1033966413218	-919.6793078646068
-1172.516237410839	896.8383040665732
-813.0596502436294	660.5320808416578
-298.3284184327728	507.46701596006653
566.9885152027457	-1099.9896756484693
882.7848362327907	-110.7886978118814
-550.1861105301043	-267.36597217018925
-1477.5937944203197	258.71252362129127
-1524.0177643962145	9.293086735213496
-594.1115984193385	-1567.1256509898974
424.82590436600765	-61.1941736533967
-596.1889132234734	1050.214733749383
-700.5344252984406	1292.0082275062944
-1487.4903204280038	442.78645654348685
-810.5705462348656	-876.1606823298484
-660.7796218828349	897.2959446484235
