# turbine_x, turbine_y
-1388.7662365776137	93.49645269152464
1069.765395940552	-979.0842764305952
-295.9359011628872	313.8281899827567
662.2696894317926	201.8246489901779
323.10775236312475	-1136.584858085621
471.46872832151035	1002.4523474480383
-964.5958360863617	1045.78239592155
148.00085853277682	-1359.3390181845125
-261.1398699873578	-1514.4520432890947
854.7394841278814	-306.04306344498093
-223.15407233988597	-713.5681413182327
-596.8632946635242	-1298.0582176270527
-114.8396429779659	-541.178034987907
1586.1040393810513	-118.5385288174574
-1442.0011221612333	-628.6520178249574
1083.8598026222678	564.3102265757881
