# turbine_x, turbine_y
-924.7568111534197	301.1688321431039
1218.8652913614844	1101.3601179569994
1452.9716642786598	6.729198209944975
-1.039410229542348	-1391.751142915137
991.2696527037008	499.97875901805963
-1618.0065867818362	243.3136238763809
881.85537469068	674.4908453082983
-302.5181675163356	1631.2538348157636
-4.128718776118756	857.6663848693381
656.620003073373	-279.398328937974
181.1753609917843	1642.6732182402802
-125.12006221072811	-422.5322121156541
-372.7909091035709	1088.7303026986583
-464.02110483762664	547.4090828424781
316.3538783001943	305.9326257041813
-1322.5943295798618	63.53925241729019
