# turbine_x, turbine_y
163.50595444200655	-105.7266930707165
-1121.335945551154	882.8466990680707
-363.86990195093	-1232.8012452300425
-1588.5181978376543	360.6459613341226
1154.9481084355657	77.8747291190017
189.43365522802037	-454.41019663737893
-1192.6995559573616	1178.7081466136465
518.038149215361	116.03938783925969
-401.7277906224982	-867.8122681251134
683.8529402366192	462.8856722899021
252.46950502158026	1455.2237085293825
1606.201851125658	146.31181055704747
9.759499364898527	1000.4140590719448
-1460.9654062410186	147.54475847295936
557.8113809294488	-1438.9517619236638
459.33953270563734	-552.6789795287675
