# turbine_x, turbine_y
765.9466954641575	-936.0411392026799
1049.089351681082	-1080.7650365146324
1185.1044321684249	535.039430149883
362.9370698258982	-378.48183161013367
333.6350776939919	-747.424169441092
776.8503199812276	607.3528040994561
976.6872891521016	-584.5945641269537
609.1343299682297	1050.5748990273896
-704.320945010438	419.55843483868153
-1511.273078677041	713.0734784046081
984.9179677750067	732.1130307482255
-146.66502461331552	1214.9012588149023
-758.2791822098618	-1520.240607176335
-891.9832959086698	-547.5531738688155
-1665.211888663266	21.993489150341006
1121.5315801704373	-714.0595575005101
