# turbine_x, turbine_y
-248.08662884599758	-57.0419642132622
689.6774450716744	-728.7915687573714
-993.85174387026	1002.7455646497579
-426.4963817896516	1494.726970604511
-1001.0921237534693	-1292.5042707649322
165.35480730853135	-909.6394524226488
514.982946440396	398.6204578114755
293.6987399884291	-301.404963214517
949.4794601976162	-706.9703612817765
904.6098990773617	-478.9413819702844
-222.5253812534536	122.16926182745071
-70.76794179082367	-1180.808106944061
1434.6429794515152	565.0886417926596
-609.8041694198562	-788.4454768680446
-1129.3359188588465	-49.30630160782803
-239.28985426791138	-830.8884336823166
