# turbine_x, turbine_y
0.7683505343778485	370.3256561091692
-1184.0202687667772	-541.918776128442
-703.8727233164261	362.8200881068507
-438.8252884547436	-420.2972862489589
-192.71170342759527	-1535.8532060145171
-1298.7224662766416	-181.87113525050708
1.5514752946726773	-833.0591702967919
-157.94315114869786	-1081.3430035728945
785.7105978692258	-788.4777217537275
1280.597840043853	207.51801049814443
-536.911389798545	168.44239760899046
-331.8756730295108	1098.2258930816276
-1195.359199410588	576.7316191041755
-977.573900529417	-1201.298340108635
290.5750652360829	821.0097660144343
-156.14774077893313	-864.1085157114687
