# turbine_x, turbine_y
1306.954974271039	53.15069122673215
-957.3550506572582	-503.93486359880677
-535.5480383035213	-1534.9682975242579
-805.804607422999	-758.758747035782
-1342.1612926426008	-919.0522904432021
-964.6096233325477	113.59443147511037
-809.0160547375511	-20.971385242792095
-1318.4079322564075	-319.6527047565149
7.458188208016825	1391.0772177883857
1420.8967325151025	194.8224949636513
-904.3941693829288	1396.1002280759465
282.4463631051857	1474.2879763791914
-119.6141304507199	1627.61934445929
397.7599313482958	1007.7584739683817
-389.89264487898004	1338.5828260808557
-973.4474419187367	784.5802995985208
