# turbine_x, turbine_y
1343.542889693114	794.4802386344153
513.5428097551574	-1576.9965608215978
-2.4437607964862273	-222.0680745278334
1270.590503589715	-578.6533029656296
445.6514161450313	832.6310362608752
627.711535777948	1032.9733400656721
448.3589351744611	-1157.542705666563
-1420.3761847495991	151.90606236721953
-1160.7553330992953	-123.45559536136426
-205.31918931137517	1086.6460411833689
-862.2362496348462	-770.7805010321954
-1356.3207061136357	746.8658605075246
-226.74310058412433	775.504855242235
-406.4706528406864	1011.7602440527254
-28.177647496443026	170.7014823395462
46.314781651868664	-1569.41575499132
