# turbine_x, turbine_y
1274.5353229635032	211.59118251983094
104.09110943385454	612.8231005847836
-1310.234878441795	-62.78588428658409
542.3225278485523	-1187.0127768730247
643.2180502888151	-909.6466107318258
-1125.1850916103508	-971.2406345021479
-215.1609539286567	427.23025922232625
-79.41170056155667	554.4555411719496
1274.6725065385183	-1120.1033547017635
917.0765145065059	-970.9213680663391
-367.66554325575873	179.14869429425292
-952.0345287064529	-1312.235340268364
370.581008381182	1303.4590904894035
805.8111608138105	-423.39268571717463
-369.84854588191166	614.2379680288908
-897.4277720067943	107.26437486893126
