# initial, wec=3.0, wec=2.6, wec=2.2, wec=1.8, wec=1.4, wec=1.0, wec=1.0_withlocTI
784.082309773883	1101.7565470300506	1074.039421345953	1009.4541773021249	983.7748994565757	944.5395049436554	928.324901057605	928.324901057605
-707.0292285457375	-1071.9396012042769	-1047.3130442525198	-1005.5424461197247	-982.1332680238784	-953.6940104220121	-942.4021218945672	-942.4021218945672
801.6211004815233	1145.842957953049	1162.6783724103952	1184.7103623408902	1185.4493073732674	1165.6043197701308	1148.5148695315493	1148.5148695315493
4.46440518858342	364.5219529717053	366.49634497991656	297.47244175065373	281.5416467895349	217.75035427364512	141.85204945734864	141.85204945734864
441.7650406494294	463.94472694623636	434.4135365029189	392.5799851627445	409.18215523344406	498.8357578526653	525.3262318800888	525.3262318800888
-211.91118103002609	-444.31473639562245	-417.54462508250725	-399.27638411128476	-407.48082892651456	-511.4788648415739	-550.5594415706336	-550.5594415706336
3.0974261729062036	79.00545921532903	69.72889372719771	33.87881115057781	26.784792808740526	-16.05990953934055	-34.035505193778434	-34.035505193778434
-880.5616983692303	-1168.479826142683	-1183.063786119	-1179.8602896176453	-1164.1028455190865	-1109.054780413778	-1110.8158228009804	-1110.8158228009804
-645.737819391654	-679.6149930485136	-745.1143123975266	-833.8547441393591	-852.0900592612659	-849.6288439826252	-799.7970710668031	-799.7970710668031
-170.723750020891	-475.53392210905446	-535.2003446622759	-648.8468981698809	-687.1586041148897	-740.1656055371783	-760.4031023586339	-760.4031023586339
-261.71542279763804	-539.3936330454926	-585.7776035333063	-654.8926562882126	-689.502896335331	-728.3321594587121	-742.8850790322113	-742.8850790322113
504.16899330043543	356.4322035246077	296.9495246367311	190.94864478379074	186.3060376054964	285.2482598286007	347.7263212151384	347.7263212151384
1006.442389463825	1143.2951262914112	1142.6637501887585	944.4017239356149	903.9572966979032	929.8344157459941	993.862519491731	993.862519491731
-1107.3127870505375	-1106.68662698109	-1118.608486714246	-1133.9669219605375	-1128.0824278278797	-1067.5529132825563	-1045.9069690592657	-1045.9069690592657
-811.4991482058949	-1114.7127051494874	-1125.014002655789	-1131.6264358049968	-1128.6980880898095	-1048.1217098566772	-1020.4272254963715	-1020.4272254963715
355.9653228029253	293.212078900097	247.32917861017808	121.69420344879353	102.86283254347826	168.56506061417846	188.97271467817515	188.97271467817515
387.88396656833106	273.23048127462846	200.8982117080131	62.6476046379651	47.775458941490506	149.44950275452717	163.78234694145925	163.78234694145925
1008.7378918386307	989.0012442983419	940.6405633959519	862.952223642655	844.9512003785256	847.4260011835736	894.6086547281016	894.6086547281016
