# initial, wec=3.0, wec=2.6, wec=2.2, wec=1.8, wec=1.4, wec=1.0, wec=1.0_withlocTI
-725.7252745317461	-682.503327663404	-673.7080596876865	-665.3259146608931	-656.3888199783568	-647.1777394881702	-639.1718801586982	-639.1718801586975
-403.3313602380932	-543.1690898162468	-546.5172777210747	-545.6433228980906	-541.409401095003	-537.7487557802714	-529.4367839915117	-529.436783978467
1073.3461762410257	1169.7888800444823	1171.4543529235518	1174.3325579663074	1177.4282033680884	1179.8732788398656	1182.7576489694632	1182.7576489295175
477.9659231181915	472.26248669929083	469.80143375320955	467.6414316431363	466.9178893062334	465.3059204968356	465.92304016426687	465.92304018933186
544.4735907331784	975.6497868809098	979.5470828892404	979.6537072910189	978.3763972209562	975.9259977966901	969.1902797598415	969.1902793235187
-1156.4486064381251	-1199.9005762855713	-1199.9965018790988	-1199.9440220134325	-1199.6744473841634	-1199.3960201814675	-1199.0216411273836	-1199.0216411268013
-187.93794510773535	223.94840576427407	234.14718789163422	239.9069753836628	246.81472817014782	246.32011108344315	239.75630984698847	239.75630843390044
-854.6746265672148	-513.2214988255619	-497.55082903399324	-481.32686120873285	-464.0031417916407	-452.29884855022425	-433.50584513760367	-433.50584726762276
270.5479918199204	301.82141718416534	307.21981300718824	320.0216653187879	330.85724697631224	337.7465939282023	343.6073821695664	343.6073818349878
393.3268745539726	987.0102372635802	993.0344679718446	998.6698289628288	1004.5664323591784	1010.5250979124577	1015.6078512961562	1015.6078512961562
-324.91841810782824	-98.80410559898469	-92.46075667488196	-90.92129573119556	-89.99362106540671	-90.13652910727015	-91.85495860072912	-91.85495843324794
-404.1454028818199	-267.5705141197529	-260.18205180807445	-246.86644830820893	-231.65238167282834	-218.85850652799982	-202.69273248991448	-202.6927327230079
-1096.9465177251238	-1103.1627916888776	-1104.2131199030591	-1105.1296265193319	-1105.43551808615	-1106.1150032210005	-1105.8551987688475	-1105.855198758287
561.5986460220547	698.6469017836871	693.172067445856	693.0213660421754	694.8234490583455	698.2610162572032	707.580526596825	707.580527194467
-140.35036316054263	15.446939605758535	2.8977962234116843	-11.590687392356974	-27.950318315377203	-38.06818583617807	-48.446920523349156	-48.446920537761535
1121.296875945748	1178.917771430284	1176.934619243482	1175.7740612729401	1174.3434293100413	1174.44727547721	1175.804793275038	1175.8047935631782
-794.1665893852182	-1084.7136477679692	-1091.990464530437	-1099.2381237379595	-1106.6621365220335	-1111.4970767393597	-1118.9605364942647	-1118.9605356690558
-157.1298407155025	-175.26526887925408	-169.03187056856024	-163.31241074675276	-157.16148642173383	-151.99107357883625	-145.3632317461922	-145.3632318494982
