# initial, wec=3.0, wec=2.6, wec=2.2, wec=1.8, wec=1.4, wec=1.0, wec=1.0_withlocTI
-360.16037981901343	-434.4764041296343	-434.4764041296343	-434.4764041296343	-434.4764041296343	-434.4764041296343	-388.0963162061551	-388.0963162061551
-94.34890707547612	-150.54861208917006	-150.54861208917006	-150.54861208917006	-150.54861208917006	-150.54861208917006	-27.878208011151187	-27.878208011151187
249.8722851158464	376.09654597909866	376.09654597909866	376.09654597909866	376.09654597909866	376.09654597909866	410.6071039786115	410.6071039786115
-102.35124484642519	-140.8514262137512	-140.8514262137512	-140.8514262137512	-140.8514262137512	-140.8514262137512	-145.82428248612632	-145.82428248612632
338.33723802080095	432.5659085213272	432.5659085213272	432.5659085213272	432.5659085213272	432.5659085213272	418.96688856030516	418.96688856030516
20.245026019953926	25.476341145804508	25.476341145804508	25.476341145804508	25.476341145804508	25.476341145804508	46.54592786829182	46.54592786829182
58.283297734439834	-107.7082259142361	-107.7082259142361	-107.7082259142361	-107.7082259142361	-107.7082259142361	-86.5176781704738	-86.5176781704738
127.92155195325361	208.25860633790296	208.25860633790296	208.25860633790296	208.25860633790296	208.25860633790296	176.86952361069112	176.86952361069112
-333.3189160819187	-397.8908869639684	-397.8908869639684	-397.8908869639684	-397.8908869639684	-397.8908869639684	-433.8840744747027	-433.8840744747027
21.476565398507418	-117.17782385771395	-117.17782385771395	-117.17782385771395	-117.17782385771395	-117.17782385771395	-227.7746022255833	-227.7746022255833
-231.13329099246752	-207.0008061903534	-207.0008061903534	-207.0008061903534	-207.0008061903534	-207.0008061903534	-205.98979385136715	-205.98979385136715
-149.0011631790426	-247.08618630370228	-247.08618630370228	-247.08618630370228	-247.08618630370228	-247.08618630370228	-184.1244704197877	-184.1244704197877
381.0545333902413	427.38855330024154	427.38855330024154	427.38855330024154	427.38855330024154	427.38855330024154	425.7173886881609	425.7173886881609
211.29499799830313	124.05653904906109	124.05653904906109	124.05653904906109	124.05653904906109	124.05653904906109	164.21601594217216	164.21601594217216
-434.7205415096655	-449.27836937477167	-449.27836937477167	-449.27836937477167	-449.27836937477167	-449.27836937477167	-447.5863339588469	-447.5863339588469
80.46381284825806	42.145488729637904	42.145488729637904	42.145488729637904	42.145488729637904	42.145488729637904	121.00290408418556	121.00290408418556
418.2749887495922	398.91715975146104	398.91715975146104	398.91715975146104	398.91715975146104	398.91715975146104	413.7839682916979	413.7839682916979
295.9406424222099	210.19744232849118	210.19744232849118	210.19744232849118	210.19744232849118	210.19744232849118	119.35079624829386	119.35079624829386
