# layout number, AEP
001	1.439749415224711e11
002	1.440179544401923e11
003	1.4402205868551056e11
004	1.4395645061500894e11
005	1.4397872773990555e11
006	1.4393480421032605e11
007	1.439540987143936e11
008	1.4402207481087335e11
009	1.4402207514278366e11
010	1.4398809376870123e11
011	1.4400243874772372e11
012	1.4400934609115118e11
013	1.4399963406683298e11
014	1.440220747285192e11
015	1.4397494152235318e11
016	1.4402267346026392e11
017	1.4397872773990567e11
018	1.439748731406055e11
019	1.440314639056489e11
020	1.439590453471502e11
021	1.439748731406055e11
022	1.4403211429709363e11
023	1.4396306810306696e11
024	1.4397948120739944e11
025	1.4395645061501697e11
026	1.4395645061501663e11
027	1.439787277399057e11
028	1.4397872773990567e11
029	1.4397872773990588e11
030	1.4402207479601352e11
031	1.4398055899250626e11
032	1.4397573375840912e11
033	1.4395617809820737e11
034	1.4397747684016638e11
035	1.4391089431150406e11
036	1.43996063821596e11
037	1.4395333818411728e11
038	1.4397872773990573e11
039	1.4400578086576227e11
040	1.4403525179150302e11
041	1.4397872773990576e11
042	1.4395645061500876e11
043	1.43953944391539e11
044	1.439787277399056e11
045	1.4395904546140262e11
046	1.439856134773994e11
047	1.4402207605226474e11
048	1.439983138067855e11
049	1.4397872773990533e11
050	1.4400608003001108e11
