# initial, wec=3.0, wec=2.6, wec=2.2, wec=1.8, wec=1.4, wec=1.0, wec=1.0_withlocTI
-756.2678004026642	-899.0099661463455	-899.7839701425879	-899.9763459415753	-899.9583312378273	-899.6100098393849	-897.1466052714496	-897.1466052714496
125.03758050335519	353.22458434390524	352.3532790082549	346.8726270618035	340.5626511561651	344.31794544966084	364.3654631150312	364.3654631150312
-440.93045626997315	-406.9114725742796	-383.0809013441971	-371.36320309140433	-358.224496864317	-343.1913668488397	-307.50067441760376	-307.50067441760376
251.79666605859077	729.6892157237584	735.6083816895452	736.7714973029974	737.8616778206418	737.3257220897758	698.99163801802	698.99163801802
14.60491665273147	216.44388549401128	216.32240259411182	224.66051319101737	239.28057531729687	250.9326522084544	245.21452947129083	245.21452947129083
-750.892843006784	-501.5069311333811	-499.43581340918604	-497.1942459169862	-492.86870496345597	-484.8523527677492	-508.73426000917044	-508.73426000917044
791.5281578051865	875.1318915177688	875.782242246717	878.0440685513433	880.2751073573872	882.63872087741	893.7064274946562	893.7064274946562
-413.36034473983767	-399.1214699354993	-408.29930443441856	-414.8921738649127	-412.2919469782213	-405.8231470953175	-405.0891492562867	-405.0891492562867
-241.0536532555525	165.63626359055309	173.1910906063359	178.93522260918533	184.60163739269862	191.61997771223082	134.71855279365187	134.71855279365187
-190.8358879980283	42.60591663698577	19.718191459724135	6.559983657874543	-8.683069244214911	-26.492078000449517	-71.60983631054393	-71.60983631054393
-461.2448796875026	-827.8126063778833	-828.1589018854598	-830.4697445041019	-833.077121884578	-831.531810841488	-822.9445967400015	-822.9445967400015
-660.0068100968085	-802.7888754826789	-814.4010210119568	-819.810977991198	-825.6366387232925	-831.9974072798698	-845.8388352777333	-845.8388352777333
816.2277542714029	526.8755030359987	518.5366995575995	516.8827588302643	515.3252867015627	516.0918324724692	566.9309393404686	566.9309393404686
75.9719433897704	-145.97648421522447	-137.93196817172648	-129.370248124533	-122.83343987630123	-120.2106025337007	-94.85799860499353	-94.85799860499353
384.8581626764476	747.3651755445479	748.7081329091495	750.1990009372225	753.0475909554948	758.2336025365653	742.4213444580338	742.4213444580338
-233.05150140482965	-210.19403419357303	-207.37758838725284	-197.58413543094483	-187.3948988898374	-175.9229615709365	-106.24886566836827	-106.24886566836827
-12.425904495010753	-86.37244996365902	-70.48417460103697	-69.19971321365693	-67.15415903339682	-69.34086082203417	-86.83382834094675	-86.83382834094675
848.0817691910545	884.635803525823	883.1788302119722	882.0331036378822	880.8645520486733	879.3644205570089	855.2002408771085	855.2002408771085
