# initial, wec=3.0, wec=2.6, wec=2.2, wec=1.8, wec=1.4, wec=1.0, wec=1.0_withlocTI
-642.7563396339192	-657.8241279366049	-639.9512909211347	-510.49458221557074	-524.5320848155571	-538.8278401618301	-495.2418123726561	-495.24181250049713
162.34786711947356	298.8488016875748	298.3704243474623	91.36665185416913	128.18305444482448	159.50337007989918	233.28075448778017	233.28075438020903
-462.81238740821243	-1058.7764787867948	-1061.61637587385	-1114.0489144187763	-1110.796844669319	-1121.1918418670384	-1042.4114375682866	-1042.4114374624507
-557.5774062334041	-501.4516373153377	-499.2369667903715	-624.1314231902348	-604.870888528173	-638.1999627131538	-697.3232313592914	-697.3232313507681
220.4771092747336	137.39667734834288	154.8890616035888	315.35273009720856	297.4578926501725	269.21434888250127	427.961148422927	427.9611483697263
533.5053347680628	1025.762461299456	1027.4573128027534	849.3259945315563	872.0932647322929	882.344391734239	739.1241866127662	739.1241865631972
-1147.8017147373075	-1173.7424341588526	-1171.7146629940055	-1139.4960308135676	-1144.9705682100835	-1141.7416393720098	-1138.5509555014376	-1138.5509554945693
985.977374271334	1180.5038212863967	1181.059207248475	1199.385525140088	1199.7011485920002	1199.1752495755857	1193.5145055808223	1193.5145055812218
244.09666052793034	815.0483321354285	824.056159717983	959.8972159986204	950.6981838355229	931.5752652369455	902.8087188988386	902.8087189024609
704.6858230718246	1003.6271321753001	1015.1169121570267	1085.999669211989	1079.2896237799407	1072.2241177414999	1093.0395909013755	1093.0395908434523
-1188.2242054192034	-1162.1918178674766	-1162.3145399913135	-1196.5166672173684	-1193.1341519515715	-1189.3522081087494	-1177.1066602418032	-1177.1066602631222
-237.32273349847102	-564.7941052798425	-559.437816451924	-445.9764750324236	-454.0158255751498	-427.7018280657649	-535.7149213134618	-535.7149211342748
-1056.6863784921873	-1090.2046863612666	-1091.2206243427952	-1024.9194927342012	-1036.4030143776786	-1016.2188777979568	-976.596288650861	-976.5962886569469
892.124714468995	1192.1082856143055	1189.961923281399	1157.822376541513	1162.5484084975208	1159.410735942448	1093.5332046402386	1093.5332050989368
-311.4605430204323	-622.745039288411	-619.9447317045226	-847.7295293977807	-824.2895957177741	-813.3070603253954	-909.308828151879	-909.3088280909775
98.00879459261668	249.65720122766191	259.00723646503184	376.22971142657656	359.22471787542503	369.3589432031077	379.08009935469283	379.0800993753208
272.79382419230683	215.43152807257923	212.36560223320987	-38.39742288794075	-26.77973239289832	-44.482814719072486	-124.59183347300805	-124.59183346918061
252.2236032598114	880.7361901251178	872.313845919302	720.1370249599016	732.2383240802401	756.4175600808821	790.529200649943	790.529200645806
