# initial, wec=3.0, wec=2.6, wec=2.2, wec=1.8, wec=1.4, wec=1.0, wec=1.0_withlocTI
561.3927962024749	1169.7940214074226	1170.7195052694917	1172.1656705085325	1177.0710461380766	1174.0892156025234	1151.0121845325639	1151.0121845325639
12.842475086716298	470.81496239772395	464.2257995661719	461.73859326315426	482.39727634927493	505.2870415599378	471.47762874293096	471.47762874293096
-204.65852527360192	237.24013213140924	266.63459878014754	290.11133225095256	311.34891575041206	349.3736089719791	355.6592685887992	355.6592685887992
-342.41882743275323	-559.2168759855326	-558.184668760284	-550.7423036238037	-562.0416178160605	-610.3157041549517	-678.8595781889011	-678.8595781889011
878.554449921419	984.4086945472359	984.5722275016809	988.2011873010574	979.7445935361893	1001.8599385424576	1035.623664981565	1035.623664981565
-1141.7445217039983	-1079.0981591152017	-1080.926543306281	-1083.6927621323737	-1082.8579493785016	-1100.0038336113919	-1111.2069011506128	-1111.2069011506128
-992.8884361632255	-1159.096443639102	-1160.327718162014	-1160.956036331312	-1167.22272311521	-1180.0434507622952	-1190.488910074505	-1190.488910074505
329.8535079001114	272.27612595881266	269.7551762048508	275.46815043259016	272.05263151020876	281.47456099891934	247.11365552200354	247.11365552200354
-862.685037372426	-469.2630939644528	-464.36805041551975	-454.26920379575887	-422.6290840060855	-425.86857199433257	-484.82239152054126	-484.82239152054126
-587.9243337774496	-267.54802837112874	-263.4688596220838	-256.95844473410483	-233.4603872066412	-248.02119677764	-339.3684591378155	-339.3684591378155
-953.2169609759501	-1103.7813511704992	-1106.5687538623988	-1107.6088999343174	-1098.768796324843	-1088.4323631218972	-1103.4984574501875	-1103.4984574501875
-355.84447621581	-149.75994420738823	-160.0391406394387	-173.72102801930143	-176.37387727679032	-173.5636866925264	-161.08338610489926	-161.08338610489926
640.4067749558089	1061.7327750533843	1062.275800140624	1066.1533497516514	1060.240170875381	1033.2060501191643	989.5199205176153	989.5199205176153
66.32552702851396	686.2503348672118	686.0156913893877	680.7778024723992	692.8928715450892	660.5124254362252	606.2042762387533	606.2042762387533
-206.25509381033194	-524.9258643275741	-521.1504657763018	-515.373664448105	-517.1253882782202	-479.57436148950677	-417.0965069342138	-417.0965069342138
492.07584272632073	310.6371426261639	306.00586018872644	303.6134394116426	278.5518230333629	217.93911613629953	150.78512854262914	150.78512854262914
879.3048809608513	1168.7025760359952	1169.2870241779901	1167.9543270423771	1168.7546236568814	1166.521356000486	1174.2805632618436	1174.2805632618436
-793.5343967003625	-1104.442007838711	-1106.5090662778762	-1110.6932489845967	-1123.11382232893	-1121.8894636417144	-1097.7008921743222	-1097.7008921743222
