# layout number, AEP
001	8.085068984428185e10
002	8.073611392500981e10
003	8.084618179482362e10
004	8.085130793656729e10
005	8.084898827911655e10
006	8.085024122684521e10
007	8.0714976018892e10
008	8.085102803437206e10
009	8.085095194121127e10
010	8.085104558296512e10
011	8.084746234399757e10
012	8.07153241722672e10
013	8.075707358248291e10
014	8.084739363328279e10
015	8.085130376303732e10
016	8.085123262542212e10
017	8.085053760913126e10
018	8.078238758373117e10
019	8.0846123810863e10
020	8.084621858460179e10
021	8.084645570444876e10
022	8.08509718123169e10
023	8.084953545987079e10
024	8.08491162949274e10
025	8.08473438874517e10
026	8.085146010828902e10
027	8.071112324150908e10
028	8.077678442881111e10
029	8.085067836243837e10
030	8.085044315546603e10
031	8.084613737659662e10
032	8.085100539181029e10
033	8.08461180338074e10
034	8.085123262525313e10
035	8.06938354494079e10
036	8.074156061536678e10
037	8.071648197494928e10
038	8.085156869096814e10
039	8.08055885763482e10
040	8.085096131193196e10
041	8.085107971287625e10
042	8.084986588615782e10
043	8.085130415185652e10
044	8.075062566258742e10
045	8.084626110341689e10
046	8.084574681287256e10
047	8.084661567259207e10
048	8.084536289258093e10
049	8.080463630629782e10
050	8.084809925650797e10
051	8.085100700469458e10
052	8.08511577818319e10
053	8.084618104097588e10
054	8.075280810787117e10
055	8.085096803571773e10
056	8.084567075220401e10
057	8.074180266258293e10
058	8.0847279614254e10
059	8.073583366406116e10
060	8.085122740211957e10
061	8.071052053032446e10
062	8.08514650914407e10
063	8.071728945982524e10
064	8.084820134776596e10
065	8.084617387184927e10
066	8.07769674244865e10
067	8.084809396120055e10
068	8.085068934725212e10
069	8.085137384785193e10
070	8.0851127039157e10
071	8.0748263683694e10
072	8.085007707753767e10
073	8.08459764339618e10
074	8.07775460459314e10
075	8.084597673246715e10
076	8.078230794064453e10
077	8.085137202907413e10
078	8.085096203518875e10
079	8.084618082423549e10
080	8.08511857685278e10
081	8.085103934870897e10
082	8.071619050970955e10
083	8.08502426013631e10
084	8.077715381275327e10
085	8.085103801311647e10
086	8.072598782699854e10
087	8.084906725250171e10
088	8.084783867190964e10
089	8.085122394423761e10
090	8.084875387329413e10
091	8.084831722332411e10
092	8.071607080731891e10
093	8.072233279732372e10
094	8.085051957626862e10
095	8.070718893901561e10
096	8.085089149646895e10
097	8.069383174590747e10
098	8.08486841332162e10
099	8.0715806367435e10
100	8.08516476309688e10
