# layout number, AEP (with NaN values removed)
001	1.4402149880152713e11
002	1.441961435874882e11
003	1.4419614358748816e11
004	1.441961435874881e11
005	1.4419614358748813e11
006	1.441961435874881e11
007	1.4411088934899124e11
008	1.4413279615377917e11
009	1.4419614358748813e11
010	1.4388429139144894e11
011	1.4419614358748816e11
012	1.441961435874882e11
013	1.441961435874882e11
014	1.4419614358748816e11
015	1.4408278825224493e11
016	1.4407062146951154e11
017	1.4419614358748816e11
018	1.4404499207320828e11
019	1.441961435874881e11
020	1.441961435874881e11
021	1.4407062146950156e11
022	1.441961435874882e11
023	1.4419614358748813e11
024	1.4399130610249872e11
025	1.441961435874873e11
026	1.4407062146948608e11
027	1.4419614358748816e11
028	1.440376694499376e11
029	1.4419614358748816e11
030	1.4419614358748816e11
031	1.4419614358748816e11
032	1.4419614358748813e11
033	1.440517489679177e11
034	1.440407280247234e11
035	1.440832068277255e11
036	1.4403766948278815e11
037	1.4407062146948495e11
038	1.441961435874881e11
039	1.4405174903074963e11
040	1.4419614358748816e11
041	1.4406346119380255e11
042	1.441961435874881e11
043	1.4419614358748816e11
044	1.441961435874881e11
045	1.4416150853995667e11
046	1.4419614358748816e11
047	1.440517489905966e11
048	1.4391754384411264e11
049	1.4403766948278775e11
050	1.4405174901090094e11
