# initial, wec=3.0, wec=2.6, wec=2.2, wec=1.8, wec=1.4, wec=1.0, wec=1.0_withlocTI
-548.2441941429854	-697.503918763366	-700.5320356606614	-700.463038791667	-702.9359326772992	-710.0277281973157	-715.1701930424501	-715.1701866433127
-719.2132379663765	-1449.5657542651843	-1451.6636667509588	-1453.440019559978	-1456.3703968383272	-1459.200964105926	-1458.1712883205184	-1458.1712880494833
19.15031302179071	596.1274316534838	589.6925980494331	585.8743758590311	585.8856652479992	589.37359246977	585.7629724214369	585.7629741625575
-1356.529935696233	-1346.5948380264665	-1348.7086725430156	-1351.3790317119256	-1353.7482217697861	-1356.3236848155448	-1364.070786920206	-1364.0707876676397
1395.6462266712224	1233.3481673818778	1231.3388336331477	1230.5094789013708	1229.8194312277983	1224.7932489203895	1220.5196459595209	1220.5196485779793
291.12118934462217	348.43908969271195	341.8201996841786	339.21912759837045	336.52316094957837	327.9588438834353	317.6443120945827	317.6443147562687
1145.0897622562497	1463.0162446053712	1464.7795456817055	1466.384084808059	1468.6585301557268	1471.1003257449315	1473.3763014531592	1473.3763032710578
-745.5583438070048	-567.3151589158156	-561.7287146590678	-550.2522854577422	-534.8375913435647	-517.5814470308771	-510.92596264004294	-510.9259718957222
37.63180653407239	301.66107215415275	336.6999302693806	365.13784779109807	390.2215076811148	408.35909711610014	412.5744609481842	412.5744551174344
1144.5421797581314	1327.9639631404946	1326.3690538521337	1326.4054928233643	1325.0966307211625	1321.3101932636957	1318.5338909528646	1318.5338943888812
240.14191065288705	385.69305282217135	377.7202650582056	370.82625267327114	359.1451966533677	347.4658965841647	351.7620126215268	351.76201364876755
-1035.793473697051	-1376.456350658592	-1379.2253767262785	-1380.8516272493582	-1380.8468379964338	-1379.3617254857782	-1380.8989177816202	-1380.8989169417293
-522.468534352638	-660.8194489330342	-656.4944147573955	-650.9798097760247	-646.0385090372445	-640.6138172214826	-623.9478258926229	-623.9478242553618
95.72181483162856	853.7284728968323	856.6239996581807	857.8149115153818	858.8039259676035	865.9569845575775	871.9700874889245	871.9700837452441
631.346323897543	1458.9688857312876	1460.5337897801498	1461.1400990797806	1461.7633760952317	1463.7086448668247	1465.9816238414446	1465.981623228838
-685.8922706207511	-331.0339406987498	-323.14220175527225	-315.7811245344648	-305.02806826356635	-293.0253121378913	-281.3579167446212	-281.35790720648714
-972.9829622900505	-1388.5796741386919	-1390.8489677646269	-1395.4291179261013	-1401.409558589418	-1407.874087395988	-1410.3030397045989	-1410.3030363476453
-107.81116061991503	-190.74385712619932	-203.1606249142021	-211.18985674552613	-213.7570349159367	-211.05404659342034	-214.3170429581695	-214.3170559288036
