# initial, wec=3.0, wec=2.6, wec=2.2, wec=1.8, wec=1.4, wec=1.0, wec=1.0_withlocTI
-1362.3395382893864	-1445.326279899127	-1445.1642484946094	-1446.423473503306	-1448.76800835135	-1453.0847284208148	-1458.226395352607	-1458.2263955034916
432.3900798705331	198.14277318696875	169.73798998488436	136.67438536459497	109.70624736824222	83.93738734938708	75.29491321504129	75.29491289845488
880.4159593319642	1326.7790967949602	1328.4975127594626	1330.8967822326993	1334.2492051126846	1337.5643328112135	1342.2686873136788	1342.2686874371425
-531.2145773713215	-268.7373427139041	-264.9622579957645	-263.20520122945834	-261.3355673097625	-263.731181956645	-264.1872768767523	-264.1872768767523
-255.37482935674615	-531.6997054342253	-515.6847927437977	-497.2558070226389	-480.9438717761514	-473.142608241799	-466.1344391860407	-466.1344389663762
429.2495816172879	660.4935657105755	654.1634678846992	645.3681917220824	634.538850337439	617.9493538360713	610.3630481727496	610.3630475316606
-538.8974053263813	-1254.0475001821333	-1262.0884042044463	-1267.405241170135	-1271.6669421581441	-1271.483023131095	-1271.4705139245996	-1271.4705139245996
40.176542353407065	-32.296061588112295	-34.798726690143695	-40.95384042637933	-49.388915417200316	-57.789486295012544	-62.28401386397088	-62.28401338247163
1219.6256652490995	1416.0182071688698	1414.0005286712212	1411.163090186066	1409.827612569561	1407.6018761377495	1407.2713327032352	1407.2713327032352
99.33129856130907	401.2878575699119	401.8709937546271	397.3149659677029	388.67948036203245	372.2160330454379	351.5334690992337	351.5334684733359
-1087.8236560475102	-1486.8555550003916	-1490.3653980399663	-1493.7608660820572	-1495.9832906104243	-1497.6496645904451	-1498.1090334297896	-1498.1090334457015
111.6972488937269	-699.7551202458945	-696.4871608949474	-691.8915795016001	-685.4043231495584	-678.912111899376	-669.5631195467794	-669.5631192992716
471.43165387035026	346.13000337157234	353.80321379569034	362.55292084761214	364.6220513603687	367.26596045763756	370.5873973442144	370.5873973442144
1269.4384807263814	1402.6030882761352	1408.5699143846878	1415.180832289708	1420.8072726000605	1423.4240665434218	1425.7344369147838	1425.7344369866016
823.9380150271567	1346.7547102789424	1349.8407980281638	1354.0679117538054	1359.17644211043	1366.798677284481	1370.203251136586	1370.2032514221617
-1364.8418862913063	-823.0217902877527	-810.6373176673927	-802.2998173780489	-795.5272603034456	-795.820911128298	-795.840896297944	-795.840896297944
-414.1657982885407	-703.129437218371	-705.0127500341114	-709.9114164353772	-707.9604086614315	-718.5675734909538	-720.7960173609837	-720.7960171363242
868.3040944093711	494.8660798302908	500.6021534515136	508.54573642543926	512.2368185194492	518.3213684079485	519.2180622355694	519.2180622355694
