# initial, wec=3.0, wec=2.6, wec=2.2, wec=1.8, wec=1.4, wec=1.0, wec=1.0_withlocTI
305.9999822339523	621.8572744167726	609.8930775595818	593.5142389783907	578.6157301442406	563.454896155358	546.1067970602364	546.1067969715909
1079.9325396808808	859.1808086424102	846.7450473467671	834.5623385449458	822.5074646477809	810.6267519340607	799.1730976393351	799.1730998754089
629.103022304817	682.6200597637911	684.0501305886913	680.5996230207402	676.7971328362182	671.0409927334384	661.3072006049105	661.3072008021185
-590.1892887704843	-389.5068604729698	-396.4593897556954	-406.46429903414753	-414.70571636638437	-420.90311787088314	-421.6203501826371	-421.6203504404479
130.6248992074901	-285.25091428162824	-294.73282126220397	-301.74559170028107	-303.68401386578734	-301.3899347746417	-295.2880114121061	-295.28800890610336
-975.6318087564899	-1219.4620428855944	-1221.940181978823	-1221.4817638189816	-1217.7527085198492	-1211.1904866368702	-1205.445555359815	-1205.445553443837
-511.10867857650976	-597.1697231290042	-592.4208191772235	-589.6311572465912	-587.9757058068117	-586.4715326475748	-583.0511005560493	-583.0510947915454
1442.0365015190764	1499.9767517195626	1499.8895957342295	1499.6711629267757	1499.3609816866635	1499.069097697471	1498.7599082776283	1498.7599081642331
-1309.4059857649302	-1464.7881665910354	-1467.0359033396264	-1470.6102194922928	-1473.4049446067374	-1475.9979988525772	-1478.6026221022055	-1478.6026218036366
1127.823586500306	1365.0251024595475	1370.4125078324632	1377.5851511076658	1383.9088975909383	1390.150560191555	1397.056679667875	1397.05667970252
-707.7749398994126	-1229.5561550952564	-1238.1529894130194	-1246.39708944867	-1254.3848973117529	-1262.0951901762169	-1269.378729934274	-1269.378728526491
256.84271609141507	117.13480775094241	113.80116397275741	112.59963717511714	113.6934199230385	114.86967415290731	114.43310982761223	114.43310585090614
-188.5397044091084	207.03943718066833	203.81320477629225	197.93037584989608	194.21284268761465	188.8424880941351	181.38645693617752	181.3864578322971
-1133.135022248856	-1472.6275553766734	-1470.7591811564066	-1469.3364484704198	-1468.9370373592585	-1469.4094416592545	-1470.6478131477586	-1470.6478136509327
-1088.0867344318594	-873.4485254025268	-869.9782721381112	-870.6217944359574	-875.8300867708061	-884.8828200213594	-892.6931236787187	-892.6931262659533
874.5451779147575	1376.0044775192498	1378.0557232134502	1379.2516447630003	1379.9581766981464	1380.5981100220413	1382.046096966518	1382.0460993984173
262.9467882366148	8.35131113617271	18.198954804292217	31.40710750401573	43.77952259986015	52.837868366326234	60.98145078339416	60.981453570239694
200.78063529907507	323.10312228015573	312.7389625255265	295.47518427404054	281.2078754814918	267.2637412443801	252.45650301088472	252.45650475955793
