# initial, wec=3.0, wec=2.6, wec=2.2, wec=1.8, wec=1.4, wec=1.0, wec=1.0_withlocTI
-40.2845818528351	238.931335163682	222.26827823542527	221.21227992823893	229.79006089083305	233.97889529337823	230.8351214676073	230.83512133565355
-305.05475932064246	-299.628780254596	-283.7048654464621	-276.4971371772271	-258.6740261056517	-281.63451511	-276.0362557128342	-276.03625583987605
448.5173668513104	587.6084251932729	588.8707931586247	589.2047935721891	588.5583471648024	588.552989803084	588.1755636376944	588.1755635757396
-576.6307231049296	-578.9815336514466	-574.5846108537129	-572.6829047254487	-579.5392936749371	-589.7103040339601	-589.3641611354475	-589.3641612326036
-13.114419693825674	140.3731075591462	143.1489638098394	114.65555976544317	125.52636702950261	163.14954038085946	176.27572168201246	176.27572170845588
539.1641155532732	472.08547234292905	468.739988467785	457.9535320125527	466.82357132184245	490.058544397639	495.5513974000409	495.55139755760064
-388.20335486910614	-243.92378540176608	-268.29029561113833	-287.31354551878013	-261.31058340775337	-225.7603623761835	-209.72387106191204	-209.72387099725202
35.749066676665905	110.13018759956452	115.34335080073643	82.00602311673106	93.80770267933072	129.14130316675693	135.47350406963304	135.4735040746666
-217.03699432397786	-538.3854030872023	-550.1217599962268	-566.4816374664118	-562.806354465964	-547.4676688897815	-551.0642706365521	-551.0642706227952
-485.69231845018476	-550.3742557223032	-557.3126377626071	-557.7321395033974	-554.2531262120107	-552.5085722577898	-553.818694788317	-553.8186948433162
357.25808481700614	519.8294834656277	528.6885728424867	532.49388372344	541.3757920504876	529.808352709996	532.7325647377297	532.7325646719022
-141.3204475774382	-121.31091850429841	-115.02854062165247	-113.30364174108965	-116.61505898740475	-116.65081586073346	-118.53061351182008	-118.53061381922078
-5.724465619751218	157.41822869648118	172.77918450712033	178.98132828614723	155.3518815037497	110.65279661724823	112.47171008351584	112.47170957440585
162.48949230735317	-78.18293498743483	-99.25421893189765	-87.80881824059375	-88.8928058714495	-89.62422508772943	-79.64244902448422	-79.64244851301386
173.2367434568447	370.3178467621142	374.5437160407451	387.65814046562247	376.9293743638464	346.1835291959453	338.27328084681335	338.27328061599667
-406.6542696631191	-548.1798913390949	-536.6756341748453	-526.7361246309717	-540.1081178792813	-555.9071050974503	-562.1529132778788	-562.1529133020018
534.4923185132117	589.8062290749049	588.8090183435255	594.3700922663683	592.6213925585425	585.9401679535362	584.5057139969591	584.5057139957925
-128.64281605534939	-264.84178292210464	-239.51246937590025	-197.73357036551582	-207.96395690775776	-245.52894904408396	-237.3355633454411	-237.3355633759232
