# initial, wec=3.0, wec=2.6, wec=2.2, wec=1.8, wec=1.4, wec=1.0, wec=1.0_withlocTI
-269.09845684215855	-538.5211861030866	-549.811801427825	-564.7954677356931	-562.7024665668755	-548.2075222146024	-551.0538346875503	-551.0538493325292
86.40876738231702	238.57767348519727	222.22666129388423	220.37647586382977	229.49440827223026	232.4795113180811	230.82601569081308	230.82628259847525
-315.38270329756	-298.98127802845113	-290.6250588907357	-292.8354452045422	-264.69373396593005	-280.8633773476337	-276.04409906038734	-276.0441372563802
524.452462562918	472.298295323013	467.01894817752145	459.25700910201294	465.75285348921034	490.0782854543022	495.55148904747307	495.5504344593993
181.2945951287352	110.94528423349693	109.52851458332916	84.51921706660272	89.73933009372357	129.95706731930292	135.42154421517873	135.42158648266187
398.4307230757753	587.600142266734	589.394254338587	589.0387797043454	588.5547253520967	588.55806588717	588.1750229441133	588.1751315662639
130.3044995457628	140.05671208372414	143.24203219653012	116.0433185939324	125.1287490587915	161.33211803915165	176.26781029237853	176.26823632285016
-580.8111837634148	-578.8927489689733	-576.9301174772502	-577.0070465041515	-579.98230704628	-589.567562029677	-589.3634045162785	-589.3634013185405
-269.0077835054713	-244.05585578013734	-269.09701441284636	-287.4266844815097	-261.6200455805018	-226.020740135798	-209.72808694380612	-209.72790727813077
-192.56389956746506	-264.56794951905295	-240.2251791626491	-202.49958487668536	-208.2448897801682	-243.86246935122028	-237.35979288060372	-237.3597588804853
-506.00692140338	-550.5278110188204	-557.3309312770066	-558.0629741880397	-554.375609647267	-553.1323912685315	-553.822490046053	-553.8223788018763
310.45640224255874	520.2038776053547	524.9164327274796	523.6863756849153	538.4581944767612	530.2096173752401	532.7285006556375	532.7284808290062
15.21063863902885	370.0466358228626	376.68751568648116	386.1128407929147	378.2516086768941	346.1602842485966	338.27314659633896	338.2746914965715
447.19607350490696	589.6545350949015	589.9183247817222	594.0174088894056	593.2510873435715	585.7580190720637	584.517754532003	584.517744738788
-308.4713151348539	-121.35210751172293	-112.31688338467973	-114.16419644884614	-116.63333685408249	-116.62083282507925	-118.53329652928059	-118.53275752722713
-21.337152605796028	-78.38706078544982	-98.40834074415444	-88.09329701695084	-88.7494610358149	-90.12106020114881	-79.64646610809247	-79.64685610623056
60.412468296131294	157.74840577773156	164.77773112137498	164.50797795396343	153.68969878711607	111.40077247089921	112.47567494562132	112.47569153484753
-532.3139582715006	-548.1213559096027	-536.2719851888123	-526.6744665642494	-539.958287046746	-555.8040659232173	-562.1513404369101	-562.1514074595345
