# initial, wec=3.0, wec=2.6, wec=2.2, wec=1.8, wec=1.4, wec=1.0, wec=1.0_withlocTI
774.2257558427082	712.2881996022035	714.8883588677093	526.4192024706654	524.0395007214454	563.4468371450553	567.3286473860452	567.3286483935797
-213.36042590199017	-869.6979958899811	-867.4316808459203	-838.930323158268	-843.7540572399853	-858.4421628246574	-856.9673121056728	-856.967311895493
151.32902735641773	-438.20363370916454	-429.19685337457264	-550.2604517452896	-536.7838362166834	-495.2222217521651	-498.93088107130393	-498.9308765092488
-572.5182146610202	153.6830030088884	168.8282195131009	285.08590374093814	291.09728833070864	261.10689574338727	253.22576352685397	253.22576284384724
379.9059532868575	651.611511664198	657.3074056931282	752.5093937710005	760.5821457438286	748.9664886999246	746.8514884433591	746.8514880009624
465.06757124405726	141.47192214546408	145.7753652484777	-63.3387744893895	-55.14586213236972	-4.562630026539775	-3.940018288809984	-3.940015936468628
-782.373792359036	-452.2372830875379	-435.68499429245594	-343.03146801096017	-341.2429123719202	-373.86821827155967	-374.5424607363261	-374.5424605486633
818.134687635451	895.9901043455867	895.9584738904284	891.4263964510635	889.9770624251672	893.492994628972	892.5606787247393	892.5606788177734
236.9557158113446	-817.6900973612003	-815.6574314206892	-855.6776678700629	-852.6382878973242	-839.0844711181184	-839.9115067079159	-839.9115074669378
-89.94790473952862	-550.1322756510683	-546.7491512160155	-729.9882409987049	-731.6984362998313	-701.8031502574162	-698.6688814139534	-698.6688805958212
-256.9701093823504	231.57157844932559	239.92140184823384	325.8771632172631	313.1758146649638	270.3276772454579	274.9673180621982	274.9673187172297
70.29773123997786	-786.1154974968082	-791.0689357150651	-712.1891853549362	-722.40093658335	-751.5017971254957	-749.0447088887724	-749.0447119275096
347.1985896509333	886.781559678739	884.023208007593	853.6545250213171	851.6233725811594	861.29158186717	863.6415417888182	863.6415419890757
493.2540440141723	620.8078912728954	614.7739213897818	493.68982051947665	481.15984825805316	499.04829305840286	502.20797905920125	502.20797971709504
-468.67834345593616	-888.8113946414525	-888.1157260665261	-897.7684657373526	-898.3089300956981	-899.9884345963791	-899.9913756630095	-899.9913756733044
-303.29683286456907	778.1268789764326	787.5141812998561	832.0633537542902	832.7984598664493	818.6712132269273	818.3629666028819	818.3629666887696
298.4299399284553	84.86302442634886	85.19632071829474	-123.93135236131715	-133.94337742893455	-108.02901716183317	-115.47915315116009	-115.47915243204395
-794.3397075776461	-376.0091816398159	-380.39841557004894	-278.95490046262574	-288.1110029337996	-325.4800306139035	-323.3398535593877	-323.3398515877433
