# layout number, AEP
001	1.4410501111559738e11
002	1.439736657874972e11
003	1.4400269389690417e11
004	1.4394888247848526e11
005	1.4401631539574008e11
006	1.4394888004985837e11
007	1.4404033671229605e11
008	1.439488824717559e11
009	1.4394888245653864e11
010	1.4394888098908432e11
011	1.439488824775565e11
012	1.439754746049932e11
013	1.4394888245688324e11
014	1.439488824633615e11
015	1.4403012428213046e11
016	1.4394159875260733e11
017	1.4394888245803027e11
018	1.4398666524453952e11
019	1.4394888099176874e11
020	1.4404097123731815e11
021	1.4398842523365262e11
022	1.4395996625702216e11
023	1.4394888247940866e11
024	1.4410501111481204e11
025	1.4394888247043018e11
026	1.4401214852925885e11
027	1.4403427457346127e11
028	1.439488824839073e11
029	1.4410501111559372e11
030	1.4400346870659488e11
031	1.439488824715968e11
032	1.439852036994168e11
033	1.4400321480173828e11
034	1.439580396460549e11
035	1.4394888245699872e11
036	1.4404427945544998e11
037	1.4410501111553174e11
038	1.441050111154874e11
039	1.4394888246436255e11
040	1.4400071091866455e11
041	1.4394888007971744e11
042	1.43948882466634e11
043	1.4403428674114072e11
044	1.440630261102509e11
045	1.4410501111563193e11
046	1.4399919386682526e11
047	1.4397778613392532e11
048	1.4396568324846844e11
049	1.439488824844034e11
050	1.440270480354147e11
