# initial, wec=3.0, wec=2.6, wec=2.2, wec=1.8, wec=1.4, wec=1.0, wec=1.0_withlocTI
265.18939955692315	223.70370646775848	218.36947388335295	214.2557073542486	213.7589337308814	215.78306388134854	219.03829289481644	219.03829289481644
890.9116796689249	989.6027851555945	1000.245054292406	1010.1825502462921	1015.8759790473689	1018.1469052620184	1017.7147362251166	1017.7147362251166
773.0888879881736	435.9975006639076	425.2241847986309	408.82413015305826	394.39312083774473	383.5891110717028	382.60089597378544	382.60089597378544
-657.771748204622	-1070.091598805305	-1069.6007000340687	-1069.4436388017546	-1069.599698511523	-1071.452455365297	-1075.2233167594545	-1075.2233167594545
-421.04880441389344	-187.01801264678855	-161.928317150873	-129.59415736120312	-98.37425589932353	-72.30167329792671	-63.10734332349459	-63.10734332349459
-238.5304865160796	-529.3900301420849	-520.2560125128658	-514.0435109799403	-501.36691259445155	-490.3029741839686	-475.3088030185953	-475.3088030185953
893.5529755969247	1158.4287309392075	1158.1219556802241	1157.9135980849383	1159.4949675667058	1162.267107972	1168.1123577758212	1168.1123577758212
14.204946595260637	23.745415920182026	23.708724509359374	29.99267815176873	37.71018735903021	47.709905017019274	50.85834517179773	50.85834517179773
-930.9262878691529	-1132.4037148032162	-1130.3946370230435	-1129.134898249131	-1126.901926834754	-1126.0867278941312	-1125.088519870067	-1125.088519870067
-363.0781819853702	-269.7727065061854	-276.18589526816095	-284.8553847048935	-292.0175672599186	-296.6005146544109	-296.56136756323536	-296.56136756323536
774.7355335327459	678.738777197166	662.9553913692289	647.7122935245653	638.745642016092	635.11957874516	635.8118598691817	635.8118598691817
-794.742377664169	-1117.9920301213926	-1122.133865610187	-1128.2122276533214	-1133.337578233363	-1137.0397503461447	-1137.372958472128	-1137.372958472128
26.467810176737494	543.0506147580642	544.0168819214342	544.3255491351271	544.0188277477711	540.3606535376873	532.817832620801	532.817832620801
804.6308743826677	1185.3371937912354	1189.0244869950614	1192.981707485991	1195.9609131473544	1197.8198813003255	1198.3396306297184	1198.3396306297184
-1049.1890819193818	-1076.915129474057	-1081.3573353894908	-1084.3243375016423	-1090.243651187893	-1095.263892176837	-1101.8551377385145	-1101.8551377385145
-2.1016013533703415	-313.1179900514993	-314.2507557673999	-315.01761757276284	-309.14627636037244	-298.5551368280748	-274.7993837247251	-274.7993837247251
281.39645098438547	550.6876838596531	557.1317556398093	561.0910648206722	565.3472370239815	571.3382515781839	575.5109201226327	575.5109201226327
-659.5035809232888	-397.06652691058025	-402.75051846784555	-406.2688537851921	-412.42217119854075	-414.6428357764334	-417.34377641431166	-417.34377641431166
