# initial, wec=3.0, wec=2.6, wec=2.2, wec=1.8, wec=1.4, wec=1.0, wec=1.0_withlocTI
-205.09986394597934	-565.9025297469958	-560.675569506591	-563.2532218587338	-563.7301225251578	-567.5890253456168	-578.9623993592459	-578.962401453074
-433.8203151095364	-459.96633528240216	-457.83303608932385	-445.537237627747	-430.67739380030457	-414.19641283563806	-398.72761314530044	-398.72761580845173
375.9546104465681	479.02703146706114	471.89707032747015	470.4602794301935	470.00732742868803	473.81803330001566	481.19621548953376	481.19621480304886
332.7249681780003	238.66243781903634	265.46555631963474	292.0559902566822	315.5174887657617	333.9457189784882	348.40373513146284	348.40373277610786
-578.0430210931389	-1161.3920751781527	-1161.4937386722577	-1163.957322189264	-1166.2979761906784	-1168.72392997494	-1171.4539361476134	-1171.4539360907786
-822.7377139107169	-1075.2065063095697	-1078.8226975758216	-1079.4455256901756	-1081.7160944057011	-1084.1090447870554	-1084.855956180781	-1084.8559561264444
891.2156355245571	977.5583848439877	979.6183317485179	980.1133806956722	981.5218557080037	978.9773136265875	972.4354505825403	972.4354521925364
213.2448946967042	267.3726469176576	268.7502645497866	265.5367930757803	266.32233345880684	261.65055170757694	249.8524150163443	249.85241373984803
1120.8020332705164	1171.6004872897217	1171.8396114915008	1173.2255244453615	1174.7766941183268	1176.3976546240485	1178.1934193816564	1178.193418347432
514.1874672509722	1058.184448507512	1060.9631971751107	1059.597002669358	1059.343357778751	1057.280803907691	1051.0958758021006	1051.095874648783
-858.8481684114172	-1108.3460526073552	-1109.2289714328642	-1114.2246496497191	-1120.0522232573132	-1126.2510073677247	-1131.8199019788665	-1131.8199010406681
-613.083174072141	-1100.2422939550056	-1103.3191537440223	-1103.9325728858937	-1104.1254984535879	-1102.4955652161539	-1099.2953207389496	-1099.2953210394458
60.544215835663096	-149.36874595588898	-161.75744848672736	-165.5894042455853	-167.80012205430543	-161.401563680554	-145.9905940477305	-145.99059070817492
1038.051445933244	301.94113432688533	301.54982180822986	291.8961324204209	282.3987093969864	272.18445125314344	260.1839262603732	260.18392651626647
106.63292151375057	-532.8517333140413	-525.4917574957503	-524.2111760230846	-519.5096718476572	-514.4974042807721	-512.9206121214892	-512.9206122364138
413.3081987865211	695.9738539504427	693.071370136221	692.371115068586	690.3729781546568	693.9765265545055	703.1139981897186	703.1139959630285
1166.1176030612542	1169.8341199051592	1169.5184031515062	1170.2521999650467	1170.0736792951895	1171.1272299759617	1173.7008863890749	1173.70088666081
-209.9935068597194	-259.5232177077076	-258.4413375258407	-252.0751252898786	-244.74419619936907	-236.83023080980468	-227.72849300375606	-227.728498354494
