# initial, wec=3.0, wec=2.6, wec=2.2, wec=1.8, wec=1.4, wec=1.0, wec=1.0_withlocTI
-312.02176362897075	-302.81129820801453	-293.93425639853456	-279.3099930707396	-264.3007292452795	-276.53027080751895	-276.11137333613766	-276.11134674150463
-121.84085185760809	-538.0457553695175	-549.8581821434316	-569.1121185448577	-562.4887656708667	-550.6708660946745	-548.9142672270326	-548.9142704310561
-219.7691024261542	-242.94169616054856	-270.82884939397593	-292.3417204757716	-261.88783444180615	-227.32137789447697	-205.89985625156623	-205.89987277240033
450.89938643641744	587.9063225091018	589.1801090091667	587.9684355899481	588.5857860336229	588.5696947024746	588.0511668908518	588.0511664915853
-479.8086395141997	-579.6005572740969	-576.9172065525032	-572.4068311130477	-580.083068845999	-588.3340731579368	-589.2934396848846	-589.2934402228506
241.48160931356406	241.0843892340518	220.48458516133087	219.82061590275936	227.7586791025587	230.99359130187582	239.2328142778566	239.23280579534784
333.7516374808511	471.95776671647815	465.46183031415376	460.15531603251037	465.365592717931	489.13458796774853	493.57927366352186	493.5792696961277
-49.048502272251504	107.8083287729706	102.52968368347706	78.6693198466039	91.55596703024341	130.1371029825135	134.20423852377348	134.20422470874797
172.46413842182875	140.16565041842455	139.17091487501935	109.97976538754693	124.66403399618977	161.05999681657144	180.16984758722538	180.16984259725376
319.45838755046356	517.9820420645522	523.0705966933205	531.0234719588459	538.6514122892165	532.4762993102373	532.6936356992001	532.6936494840095
5.828323547004199	-265.53127923718233	-240.11729419858045	-190.02998849016575	-208.8215201246068	-238.24692492147983	-242.26664490723837	-242.26663764773983
-317.5165906507357	-548.6158402641584	-535.3987565904333	-523.9621345955685	-539.8285450256069	-555.2701965279216	-563.5647692994875	-563.5647632635572
25.457228403392307	-119.86045315503108	-113.43236169491358	-119.55383202135727	-116.47667655262359	-116.55777313353073	-119.14623417593818	-119.14623614653384
40.438917107153216	155.12345963554333	164.8229879064146	179.8622242041751	153.30896293654934	117.74131968595997	112.84166758940354	112.84166477998122
-443.7507004204961	-549.4346149698715	-558.0203080068078	-558.2820943073045	-555.0910237395518	-553.7526169486364	-550.2432739913329	-550.243277679324
400.87196025780037	370.4809288418365	378.60977894163915	385.04166674143505	378.72795850977855	347.48720099252927	341.1443984734178	341.1444042135782
534.9819269302477	590.235028317723	591.1756149461488	594.820256983727	592.9734850558219	585.7169405329873	584.7984459300951	584.7984491004775
-130.5310416794164	-76.36329086143805	-95.27392327932283	-89.58248293238871	-88.0401121388244	-87.64985389600554	-74.54142519608101	-74.54142129405862
