# initial, wec=3.0, wec=2.6, wec=2.2, wec=1.8, wec=1.4, wec=1.0, wec=1.0_withlocTI
359.42909094347056	514.7475952755195	506.89230996383014	501.8643511928085	492.2388695116084	487.86028943672085	483.9625283925009	483.9625309518202
763.8849896729639	899.9645308766043	899.9889853882917	899.9786416978636	899.9176307638079	899.729840775424	899.285492216241	899.2854926096977
-415.1193004953531	-215.17430405448061	-221.4976505509631	-230.9685177861728	-236.2804841550856	-245.54989147277044	-252.34144781726522	-252.34145422174
-822.2805706522674	-877.8181051660818	-877.7346934792968	-879.4126353642946	-881.4556454148424	-883.9793015740217	-886.8873294958232	-886.8873281852224
17.293885509199747	403.01744606742676	417.2754338841665	416.1115231277092	408.1501204508779	405.7098870196163	397.71247031514065	397.71246638675404
-285.4102910573555	-367.3400016914488	-365.87378097267623	-357.61949504998086	-350.38875123104646	-344.82004266619043	-346.3832823781547	-346.38327878417357
-393.13567653425497	-172.93617917833043	-177.5761757710553	-180.09701034679605	-182.84699692401972	-183.57765389817558	-173.0628995246397	-173.06289956648268
-667.0682827809435	-728.9646182104584	-731.9349147575641	-733.0028968065603	-732.5615533341198	-731.9577848528589	-723.8643579709615	-723.8643515436883
338.38629140698635	380.7405647171751	372.95745638515075	365.74535675804367	354.18992811617755	342.1555945840597	321.21938212409566	321.21938084273376
-529.2269564994866	-738.2759615448882	-743.6801638490081	-747.0825563661733	-753.459453595661	-756.3020387527025	-758.8018655169076	-758.8018638845772
-326.124108963817	-8.115344144720602	-4.452660555018964	7.058246997592502	12.1840928767767	22.052674430032464	35.855313266254335	35.8553033975896
-34.586918482727036	132.14899891858514	133.38704469072036	125.95076323869732	120.21575669118087	117.0204724981208	109.554169458177	109.55417604094494
335.4422912153663	198.5869984915383	198.9517727084359	191.39962260690558	181.7593469749379	169.0588664799108	153.0714368515235	153.07144444499653
21.411292585765995	79.86600116327365	78.73216014592501	70.60081196311808	65.66866301056734	65.42936370023071	68.36821840386	68.36822617776042
709.9615180767883	821.6342375012804	822.2751220834189	825.9000648654448	828.9926091912478	831.3243968431998	830.6735951558251	830.6735966543812
-711.659807574199	-883.2351695093806	-882.3076004435084	-881.7967398953585	-881.230414793901	-881.0784602339827	-883.2039587819588	-883.20395877376
-395.6342923188331	-527.8497190115971	-523.7091564601777	-522.2133945693082	-522.8324176898249	-523.6773341472557	-534.8087426917083	-534.8087513908459
505.5389792614517	815.5105962428516	819.0865251773239	822.3327915869095	827.3750848147176	832.4241526495348	840.7247519538503	840.7247524433967
