# initial, wec=3.0, wec=2.6, wec=2.2, wec=1.8, wec=1.4, wec=1.0, wec=1.0_withlocTI
183.67853571021766	-371.6770812986009	-361.924490723792	-357.606156422046	-354.646759952097	-359.0090856666195	-370.0692976116092	-370.069297611478
-651.692364992987	-728.8425696720922	-725.5524084516605	-727.1717327926881	-730.908681957773	-732.7096210166088	-727.9145303955004	-727.914530395744
704.0811903492894	874.3409986813859	873.858884570769	875.2559318340043	876.6278145742551	878.6063342830467	881.8289669501951	881.8289669503054
-81.83759081163177	-167.97256375968132	-198.45084651873395	-218.1372333451221	-239.18022098060746	-255.98967449833287	-271.76729992568835	-271.7672999266479
732.1434855485285	424.301455505096	422.8853332693173	421.1552663684788	420.96903265690486	424.56408474246604	434.29947058651635	434.29947058656325
-176.14390400614042	-214.2437204220685	-204.13275816774038	-200.1713944741932	-199.9793366112369	-197.65891841850132	-186.30787812312713	-186.30787812328145
-427.1403127002258	-880.5148065964102	-880.0819865002578	-880.4688923516691	-881.3472914622328	-882.2521891568833	-883.6463851485793	-883.6463851479291
297.83426811481587	790.7463419434195	798.9131283699871	801.3535076510481	804.1363035919337	807.6096670775114	808.107438219886	808.1074382203759
525.1527816633368	326.16481660123225	337.5662338490634	335.1795506056603	326.76103186703045	312.10833389745255	290.6845909928607	290.6845909927963
534.2586688754963	819.6683153796745	824.0210335404855	825.9042543512294	827.1793491471362	825.2953873667585	820.395462545503	820.3954625455622
-382.4301729919338	-528.0042695223041	-532.5163872287542	-530.3029997590431	-525.1404561055563	-522.6247327382963	-529.2829455396219	-529.2829455392867
54.32058139889078	-213.37248656946468	-215.3384542058201	-209.5878191929908	-203.7735868918379	-195.06642293778313	-179.93796999952974	-179.9379699989894
-131.71534247837644	99.68592777155763	113.29556600806612	115.75214907610209	114.08475073691811	109.09806372840936	94.88285098784226	94.88285098546048
-471.2027830159367	-793.7054081057134	-794.4608202499182	-795.3793073780788	-795.4778900408922	-793.5649550902262	-788.2791192517226	-788.2791192516968
-780.140922671835	-874.1279244250869	-876.5442470872347	-877.4573567186676	-877.5011481066731	-878.0267376166966	-880.5051814437312	-880.5051814436986
156.0701454952591	186.2623831171665	188.29683316572599	186.4793009961453	182.28261527690017	177.85127137002434	170.78953719080317	170.78953719416728
143.3710298636016	429.79090579385314	414.41261267419026	409.67371910139735	404.1841229507925	397.19847135022405	396.18476534780183	396.1847653468026
704.2860816192862	838.8185217384535	834.2955340980735	835.2572471223904	838.5864463805704	844.1495056635995	851.7643268882028	851.7643268882248
