# initial, wec=3.0, wec=2.6, wec=2.2, wec=1.8, wec=1.4, wec=1.0, wec=1.0_withlocTI
504.75045582857905	424.1458466906178	422.8860735050689	421.13904251959997	420.931673279113	424.55625698962285	434.1010303094881	434.1010303102912
-394.71391527824153	-371.50384743298946	-361.8982303081483	-357.5971347590784	-354.6095563040177	-358.9959233641398	-370.03247621534655	-370.0324762038569
631.2534491988581	874.2675878674087	873.858884277759	875.2515702594774	876.6279985436822	878.6059222533363	881.8853817887929	881.885381790243
63.077634484472924	-168.05763687744167	-198.45243940327322	-218.14446837114951	-239.17766439712597	-255.9761528077438	-271.7886971326027	-271.78869712208507
242.31716798345707	326.4519240626958	337.5846234920256	335.1879646331231	326.78235081286664	312.1140592828747	290.5264124359777	290.5264124366492
-460.7068174674663	-728.9813287146285	-725.5603212034745	-727.174567612361	-730.9056834651011	-732.7042405738683	-728.0348356619169	-728.0348356737484
66.73044666139818	-214.4852634004947	-204.14252896051582	-200.17728415784185	-200.0133109162967	-197.66064626542897	-186.65298378625113	-186.65298378113616
703.7606289300462	790.9190837316061	798.9131210557128	801.362097413068	804.1376515162027	807.6096140348345	808.0069660267519	808.0069660224798
-840.9419056056049	-880.4798615161145	-880.0772190054107	-880.468806393864	-881.3417357852346	-882.2498895197557	-883.5922157354022	-883.5922157417436
-570.3611989940836	-793.7885743368438	-794.460426225737	-795.3878971082356	-795.4976596221843	-793.5691429710905	-788.3884166349992	-788.3884166345571
632.1501225853182	819.7468458901512	824.0325666506776	825.9081603568821	827.1952990740408	825.3011129334601	820.4120711849253	820.4120711901076
-85.8089029884606	-213.6730797845338	-215.33845539378538	-209.60603226163775	-203.772795688672	-195.06827877024924	-179.6612740332072	-179.66127402608956
65.29973563560496	99.8970231400992	113.31029450550187	115.75458294742123	114.07866012856971	109.11045852447288	95.13608596642658	95.13608597377744
593.755207934266	838.7068267963506	834.2880929184961	835.2538706095506	838.5781390214831	844.1473887941531	851.8182926405608	851.8182926403317
-465.08117641814096	-527.8126773834961	-532.5056058829289	-530.2991121164412	-525.1446294894275	-522.6322759475719	-529.1174520489055	-529.1174520326259
-523.4159481755838	-874.0686882528468	-876.5419715409712	-877.4560130939853	-877.4934048748502	-878.0263486783492	-880.4320891719527	-880.4320891730371
453.957326191252	429.47293639772346	414.41262650288496	409.656916008089	404.18144120454093	397.1985792000311	396.3896351473426	396.3896351560511
54.599234283213605	186.4275025558462	188.3191137437865	186.47970685062631	182.30947618439131	177.86267861119617	171.06956565035892	171.0695656176047
