# turbine_x, turbine_y
831.7019418130416	3844.502000203101
3627.977523403027	3131.0757640238335
2571.0381555418126	1732.3499622473178
3762.8656652860423	3492.0765233193392
2143.362200999322	793.9066473923295
90.20945893213565	7.466182850413341
1995.7528812512385	17.334149075818072
561.5887523776055	1975.925093496721
4630.17150835371	2758.9945493355294
303.60821854577677	1342.5443939155111
3876.703495082065	870.3274406996172
3465.304335564028	64.95282290011494
1451.779110230875	3337.820763409254
1113.0168122110006	3826.5429103323404
1301.8440489607915	2704.4548941074413
3642.2539945125	2029.2730728288216
2535.990058342245	2035.335194299293
1214.288706367363	512.8939297610992
1978.7092013829047	664.3793225647114
-88.61625538598135	3572.4885153054965
-32.45013911262176	1806.0606672177848
1198.1054217587457	1397.929598069003
4022.480837569995	1837.8649627489033
3259.6661372868866	302.8971437725205
4568.394027146247	1752.2308718899355
3507.18486670266	582.1735000036905
668.0338783408793	3861.4580908025696
1655.1116438950173	2029.5138179179598
2898.4465362494743	2055.059140896579
1350.5368251620805	2055.297264493453
4189.756449518301	58.84190133781257
2670.002927867841	1918.6617814813146
1581.0046415315173	2825.2214408643154
3829.3402899095922	3646.7608581292493
4133.932098908361	2315.8005398260066
1381.2210635012977	3016.549157786607
1583.837051063104	3664.4999355887458
3366.654265109783	3606.862791197727
2874.7452655329794	2320.710996467416
1590.1662161646188	2277.21522632122
1463.5801363764856	3845.8855702744568
333.1260874027338	2259.8986056212507
1444.9804707393741	1517.9586116296502
-7.112024296080295	2634.3366553842293
2288.765386788639	3265.36973115263
4096.048999681857	1485.8163255457137
1133.9543435325515	2678.325045675424
2760.0761785505306	1480.0881870225812
1212.8901194726336	1924.5724548427943
2896.926369598972	1324.7632398024773
3184.668944874746	2505.3421138907183
2841.0684481899075	3715.04661578253
4295.936919228441	1195.0513722806559
2770.2299158501173	167.4105637830056
3241.4814044907143	1133.45918736787
1020.2088408183706	2833.554197600345
1552.826895148376	267.939550384602
730.1542008253571	3052.012636530387
4679.126130881058	1433.3179547611655
4541.234558303119	3691.547226514887
4707.506312306546	2100.145998054774
4525.484291759914	2394.429122902626
4401.339777884358	3857.933003656339
3963.850371595997	1288.0648122765613
3774.8647359534643	424.32991572761046
1104.2925114869176	1559.6184313745807
4390.122063622621	1901.7526772446975
830.8088743499923	2842.0671625961477
4578.5019419023665	981.7075043530082
4547.923723358693	242.03373316283884
2122.369740564985	174.25780015051498
1535.9279728685967	1266.8358639413727
784.0811426838189	2.5862137801339387
3561.681637875932	3592.936966124876
3288.470251644759	1503.8729292692285
4297.564950559233	3410.901542540502
4652.845775649125	3091.4155038636163
4463.83229973397	1174.1590829976726
4264.068522522438	252.1752231090857
2052.7569912239	3579.361886397757
