# turbine_x, turbine_y
3818.730717921104	3507.162376246568
1775.267219923586	3019.8528525845004
1131.1754217024388	2315.331310096804
3836.2885888416745	3139.6465579658156
1713.4529611732876	2696.962538347053
1357.0687205693935	149.74618855854115
4271.452234329494	2598.0860194779157
3524.6867788061113	1902.5929182245998
3700.3338479739155	1347.939571950008
4362.589380983311	3409.047275122868
2471.858541589782	3452.7719035182085
1794.3459035955657	3470.4982454945957
4252.469977343771	3820.814445747891
1173.6858125439283	680.2042480209595
2251.348076071789	1125.7267958380742
4036.159279237313	3379.8738210622573
3132.5096119471195	1799.1181063148347
3797.7480416386925	2520.454754840262
3279.5800725398335	56.12498728758233
300.30177505050415	1984.238529569637
3739.8025635451336	1587.565388650565
2622.5873156087487	1205.159304828452
3023.954654202159	2943.4242530701795
4668.906776691403	885.4146429788577
2192.072597884303	2949.535437208434
3530.602138073213	3251.9917085687803
2670.1138811156347	2168.0515911803623
817.3004151872054	2403.245612983537
3725.0398667556137	2985.091995775498
2347.263453818773	2679.7413968228802
2644.516101853508	943.616008454235
3610.1419652417103	3617.892735663706
287.0366392576162	1285.8088138271862
4034.160294193268	1387.535137336641
2200.073536229993	2299.3811173870413
1116.4612100301736	2537.2020704321267
4198.214090766335	246.22964006430328
1805.8757711990606	3863.400582436635
1232.4773655967292	1382.5707588867185
3557.6334772732466	1140.202354061679
4417.8909222100865	3030.44324653187
-18.83136234637696	2788.3088500479425
-58.67214447674034	2326.8724226403206
10.296098337326093	3445.51488971668
581.7516825699398	3039.4414834068466
1620.491245065257	354.6763326595697
2135.850446148992	3239.0039214113353
3357.680525045914	3579.914530655161
220.67077406563695	2702.579942499725
854.7402748884434	1464.9809526489817
2037.7992244836719	1994.3061883436535
1475.6976257400781	1928.1842454094835
-199.52002192741372	2905.351324913192
2764.456639656198	3808.663993833569
561.9023332865802	230.4216253519922
484.840677116185	978.7292316371551
196.42412484819573	944.2994424917641
2691.782166780007	1980.2805580573288
939.1295759406677	1932.8108247486173
4781.6962477713105	1545.3620510990695
1797.0358111649625	1435.1896795048508
1528.8915255573809	2421.806011304605
355.47124572261123	3017.882909608059
2258.2568370321915	1874.5055747562023
921.043348284001	3411.742805395568
2189.9170598699648	253.40141826626515
3042.165532601482	1319.526812562207
2455.8144086450393	3872.4453527152637
1572.9557295004468	1303.6755410590777
1128.4807591210688	3512.664550524205
1059.1522458999125	3257.7277543275322
3441.185576899707	2602.6035853752082
3884.4998964785755	899.6518691334787
4412.976880553986	857.1362059575573
86.74010461944897	758.6846398441048
768.2848405522506	3230.963094638978
4835.235997346087	1283.5260639769936
1705.3978563081278	2161.671046906799
2840.9682869782314	1058.9229122176914
732.2230497090798	412.656188515075
