# turbine_x, turbine_y
3152.7003655665308	3518.6180618607377
2970.8241598803133	1114.4081608334427
843.37843708794	3844.3950688247437
1609.1116038446407	3338.808975422269
629.6485194879818	2155.2284519408054
1247.3896219306353	1086.7091530789442
4165.266956950914	3644.2725223702523
382.7104343482109	1061.0578946876522
4386.563308221267	2430.3465873883288
386.4721854492026	2861.388530115593
2464.8018537113344	1333.5215723287713
3735.2168746986376	789.3684698447806
2009.4271704337762	3250.5808742759136
1833.587843228898	1814.8037448468706
2839.6486324718103	3754.5607845893924
1118.0703782305122	515.346231418176
3568.368543145436	2749.72356445562
693.5680014574813	2655.333517893516
2742.4590666035374	1912.189842417811
1265.7460551541276	2845.182342456114
94.63954122552737	2658.7281459469177
4301.659241723771	89.77454957489125
4047.217882334445	2340.0462867854717
2053.4207074771407	469.1002334076372
4387.640145529264	2108.1184793793145
1294.2673083858592	1617.5922794321475
4111.551302929496	3130.3387766821793
539.3553776326801	51.46276328262904
-8.9943833659949	1007.4168525338634
4884.984584330471	760.0767999794567
1829.0461157723414	2786.246976781532
1363.0141195395793	345.62689923423426
4610.564132243396	1276.4768768658435
524.3881763326507	3421.538560883967
2970.900523539881	1571.9723997499864
3929.4908059415857	3232.2395891083843
688.4149810354229	836.2341153970393
1091.5281475706397	2543.9070223759295
1234.046471547949	235.06189872692883
13.578718525123058	3561.3177800962026
3160.2270601478554	1428.2616396954124
1089.4872882889574	2745.102978945306
2365.2675244256907	3456.0887317706356
1298.1155295452797	2518.161614732275
1223.9667900241348	2211.3489632043807
3.9245014061318066	1499.9624890845485
43.17680019434887	2282.346992239373
3547.4129853535924	613.6918370402406
377.59561814638806	3868.3309777568743
1065.4756103809011	1724.2989268008862
451.0541224794441	2345.6430323093687
503.3517814221352	1601.552276171077
3611.6607294369765	3723.5611453323513
832.5246829416931	3639.7914071527402
1530.1140004874621	1276.8844345085333
1828.0070310415686	332.25783580807325
3462.32769026575	1257.7311434858811
3346.370290915812	2948.38717448585
683.1113379493221	1199.5616859642832
846.1299835048532	307.7358718277711
3039.715532769121	2661.8603994186155
4519.79594468947	1064.7814892050765
353.8541140202014	3083.656178337657
2104.411958566399	1303.5545973587152
4325.406698089912	3817.198248503778
1344.7284108218905	3390.1090261435447
1821.5834906320117	1999.1057884467734
-312.51793032873366	2759.4800428014682
217.17703870815976	2865.69063305754
951.9432752015417	2186.63908384751
1699.6462035141817	213.97868998246875
2800.843158759971	1362.5354428935743
4817.945493882026	1427.6287256726532
2358.9829761084434	1068.2226789596925
3721.134546674531	2917.6341637862083
2039.2377217810508	657.830366285993
6.0809325438503885	3247.079846828853
3083.66461465946	1694.878277640261
956.9244443197032	1334.1219551904073
80.97557162864652	1352.5253011578357
