# turbine_x, turbine_y
4551.027085859261	3245.4551174131666
2177.2144189176756	1509.732585209791
1115.1877531355508	3483.540845673902
1778.4164401591152	2915.904350960798
3088.303522846169	621.3044289535517
2473.1749221387863	1845.579616468339
1393.4592750726767	908.613938181792
1920.5547678397375	3041.828105357581
4098.313386051107	881.7160177341509
903.4348039782375	3746.3025915026205
338.46822832294174	190.51421652176347
1072.8105283063535	2614.8265652500586
4393.180966068099	38.46369643253931
2993.431397050885	3248.799557872645
1597.334838432442	3701.673282585399
2619.6543507541082	1711.6101935035467
4387.922594696636	3320.820716690024
827.5638076614605	2567.9276170297726
4365.552711858366	2075.258643965905
4613.47084886971	2971.7549419615757
4089.3205893273407	1933.7729324428524
1288.0766626256604	3460.0243712465945
63.62280056194714	1282.4730298530208
2606.1174810269076	2385.5257587904666
4265.140696989163	3198.687953395183
2120.1956571447513	474.4070374865327
4259.1602013926395	1394.0525303548554
1161.7359096779737	126.52400243117853
1111.2611523196651	837.5157004902605
469.16833034153643	1292.78741144614
4926.5484024204	764.7968715772324
4404.649606366294	2414.5868760360695
3281.6241920245557	1153.0211102881603
3795.961455328829	615.9944441553301
3161.374506303561	1424.6908294153748
383.2477421453839	3808.5943642404304
1392.0376016706107	197.40202809508517
4639.1987764290225	1551.052953520976
2735.580372080246	3604.537463648208
1780.6441631426092	1490.250458264294
4728.32342590212	1033.8412955840627
1865.2410608009181	2060.3673255348554
677.175375380819	3287.814743267669
3613.636182699248	1588.2660040014853
4807.755153741833	384.66504635737107
4412.524938416543	2996.4515631816275
-225.92287381545887	3312.2391763690957
1251.208013053073	2447.4254250631298
2958.4295718290045	3496.866090884238
4512.764456397357	957.7099505646531
709.7032211243945	3696.010563120031
1572.340347521647	309.97160723578753
4937.911994549006	137.70310513696683
2437.01660742685	3046.37209264766
3896.9619315627365	3667.0961370965097
3552.4035474076727	3027.6678554143086
3972.4410750962447	3350.290162507404
3316.2509208464603	2717.5636589406936
2236.45092557755	2808.126735167902
1125.6451634029802	1619.4235899876942
846.1907474220125	75.06014068872133
858.2790550903316	3201.9855730091954
2450.3561404906022	2617.3080474453104
3233.9187985783633	421.91974891531027
499.9751051674898	2745.6526775100197
4215.4578672808375	661.8035313362598
116.1377678268807	3498.7429193094185
221.02691685341117	1185.1750908716774
3770.8676735988347	2529.770656593749
3097.6225144495156	3404.388407400088
4516.162420944899	343.80086062053164
4071.8782250558183	3139.478799844108
2133.1551637198554	674.8218472436209
-309.718419848604	2920.374786104458
4049.6258291171507	20.457225015184303
4388.627291065055	2727.8425480604446
4246.196074175964	1090.8837072317515
2880.099947928605	2235.1292746018053
3278.52972639426	967.0118569686581
3978.5074445096493	2501.586110050038
