# turbine_x, turbine_y
3548.546013154435	2727.1639105717763
-141.97044570473452	3389.8204581748637
790.64548992962	2013.0883672004218
2527.059955201029	2033.7127913613283
2749.400983982268	2303.3509807809855
1979.464700203695	3596.683457538452
4448.250758953346	3669.189309147406
1229.3800665797855	1015.3333422090142
1684.2998603801161	1404.5685921416812
1853.2015427908052	979.8642553857077
4464.06738828053	2963.1403836350787
2593.56576122211	2725.0269753628268
2487.9187490579698	1399.9781785650775
765.4217103545421	292.136681567735
1424.8199077476975	180.12409162470345
340.2791165961732	1452.8397780001455
-83.37513922933617	3686.1882865790312
2323.5731838869096	1326.0474134522929
896.4068803809696	2258.6069693212444
3864.2969107348986	1262.891601850781
168.2985357441572	2980.1282221630645
3840.827212894852	1953.6815732255286
1605.6103364734763	1648.935804927475
477.0004676450842	2513.315915491028
1246.3476582044052	1535.125388750278
4985.991830770557	230.11011873980982
2914.5084169707075	2381.010076346174
-241.06030575782742	2984.984464528376
916.7711703433066	3514.9327208780683
1104.4985183709343	3014.160645970351
1355.4939758977257	2205.3656015382926
3995.352931626344	600.3353594607294
1141.8986997522113	60.91214011504276
4322.4421465743335	110.72994141906591
3139.0338905069784	2971.5959307463627
3791.8031237060522	505.2482739375376
378.4086654784332	2726.8179333611915
1740.9874114313027	1988.8740078360631
3421.818397988357	2339.508222712534
250.66501729751278	787.2073602892387
92.10040441178934	902.6003412649619
4696.839944451354	882.4504951755907
3479.789656066422	496.9115421073353
3380.1537226870005	3733.263829099747
4543.474081280169	1599.6524572181565
2170.3486944392725	467.2744658635636
2090.704417924559	3058.4409131602097
42.04129891869132	1838.9036569188888
690.1278487598414	2149.967407098711
2503.820835804334	961.3647126826404
1236.0168358162105	3835.719243863697
3713.8785964312524	2459.2116531148004
-2.489783425250219	3058.100994665879
1828.534576324884	2212.341483252504
1664.0055502627172	2871.6760818937346
4142.068191983001	1533.4749552502842
4562.153110837622	3499.4894639100926
2678.4489639169633	1569.1970576391027
3005.5977581049387	1450.6224571475927
3058.021973377264	2482.7611528797197
147.03727971027178	3220.0181631464206
3080.7850726790844	1241.7001447444347
1992.7402305524265	2655.5125820921403
2582.3587730346894	567.8571574457205
-45.670396328846216	553.1765659644219
886.5102788241977	2847.5976056547
4574.760999914282	669.6993922766875
3921.718824131186	2537.2585613027695
387.78635234770326	3536.2436126577772
4087.1018332792423	310.72614783667035
3926.144842993965	2698.877306627904
4299.806562717508	2347.095330624466
3156.042269036236	1087.4121443727513
-16.221105571292746	1256.425069865637
3220.9939831709694	3367.3726906615507
2706.8414404899254	71.50476944897481
1977.44256384993	3200.290288807076
4346.81866071717	2129.7189596579196
-123.97861587221925	1652.6849868736901
4160.652164649095	3327.6395765583693
