# turbine_x, turbine_y
-159.68064627223208	2313.2404897835067
4710.849901862484	2029.7619734735858
2768.249476523264	2378.5241815992645
2080.6184493960936	294.3487970749511
127.12450493116769	837.6040552123762
3743.0054096488075	1126.8862539538675
188.64776040814104	585.7804926740691
1831.297309828909	2505.367793237503
1996.0280606050064	3478.196712935373
2514.7281038712795	2301.4513683849386
533.3196748950357	3123.14428336139
766.4048236430455	3541.0647848760514
1611.6775033318534	1798.0186490867736
483.76190330964266	2554.8106434740475
1791.7868837105116	1664.6745424656874
3240.187740607746	2096.353647395791
2204.7393249276615	879.239978045036
4692.858648098121	1597.9789932603717
800.3249485985995	335.7370087905807
3167.668693973272	2705.401737826907
4320.652718714234	1737.5126673957275
2525.7032774409204	1024.0106800835413
820.6273167306081	675.2487949167612
3389.6904863918417	434.93033481702247
1240.390681227721	3213.6541506324847
-10.456209192050908	3134.3495434751558
4746.931146674937	516.3588428571703
1694.0997204126154	3246.8916691369327
2897.6967005436422	649.6996892922242
90.70120492002695	418.94341483622287
1314.0398591013004	2327.0351522483
3497.195335393775	2058.6428060557046
28.14941617559045	158.17701151340958
1759.2143806117783	952.0933985687024
1543.577810431361	1403.4502611903852
3477.1109678500493	2384.0789612807544
419.0273066276838	2918.646712558487
1058.8349850279847	1224.0324336634294
3504.5818255901054	2837.804673522114
4271.283825198401	387.30321656882904
2742.267942293245	22.104840281064554
-233.05167109291654	2596.601450367591
2438.8459329021516	66.69255274276092
2447.159662293053	2041.1685132487114
4458.757795462824	933.849647507791
2274.108167926257	3722.0308245086035
3801.4958059391665	427.93700844382766
4105.0697587763625	1953.964912287814
1332.1965043329294	3706.5427094862566
163.56961785568998	1112.0194247844654
3241.8482917409974	1279.5970237069384
4540.844842955685	3315.9720880896784
3226.873310219634	2433.719711352759
2075.7039760135	1403.3518964720845
878.5831320906794	2832.638855889792
525.5072836293631	3644.361846822082
3601.46163933384	1562.854418611768
410.47582163318316	706.3361337702628
4196.836896627448	1525.9080256975885
1559.7499459802393	2660.4709787507622
4337.193818499005	3034.888324342869
4265.550863493592	118.65046812740697
708.5174033141762	3370.585020483268
2696.1832031407466	1554.3044891230968
467.77607710888054	2728.7029997710542
3752.714540656958	1778.340461896558
3083.068831436392	500.74644460258105
1893.6735246115745	3254.0808415085417
1974.6391334814014	830.9238573881153
681.0971827107381	1510.3289021112482
-93.43913945249763	1247.135699189607
2397.9136452015514	624.467752115144
3615.776768399624	2658.5577699618316
198.98416415381868	2214.1032010059616
3889.792044150804	3048.8955304859137
518.6007883709958	1155.9678463569949
1867.2342274256216	2022.8544413092666
589.5184648590307	2351.9351505064233
364.46913226194397	3239.4282037746016
1866.4073588188505	1120.2009339470096
