# turbine_x, turbine_y
859.5896841718999	945.1364524915392
1896.235324474522	946.1639067450178
4230.948893855114	3371.0692249708522
4676.985275727628	652.4645549100308
617.7489547770685	2014.5977716404675
2291.700656653007	3482.100498458192
3972.2345052639303	3170.8981874693623
2279.464806487	1210.4378447349818
3997.3870052628145	2296.252415116638
120.13026273766135	2156.894433532587
502.8793162215684	823.616350243332
1248.5996064109236	1554.493744079775
-28.59105262914302	3236.810074565992
4153.986776736953	2048.8411635915145
3587.5536986957763	1861.166966500412
3646.8328544705705	2033.6021622101114
-337.5186945986101	3805.05050672875
4440.614760608811	2039.0128832634741
3725.8366094606963	944.6732364756075
4529.057133698396	3739.342733346094
3951.711990636733	1946.8613461905295
997.9147121756234	436.9935928913544
731.0427303626784	1579.1547454442295
1909.201306824007	1891.7589024463225
444.25239858592465	558.4259925487971
3935.957728442658	2939.5827271759526
1860.0546357756832	788.8045299447198
252.37639632114295	2250.5195203703734
3382.166908088192	2233.7238241786667
3757.247762836119	126.82463690413255
2373.577368139444	1067.4505017030583
2580.38996032779	1796.8108114990189
3842.8594803621204	1418.5285433706388
4437.384957391183	2650.3248657638633
572.5473093559547	2264.7050442965206
2313.597653184664	724.308095019968
3372.2931773428068	-1.4932743537230926
534.0461903152499	1293.387907444633
1926.2061911523713	135.53610156564682
-308.49188531625964	2975.492154950206
4492.377251330875	2452.8249700280207
1897.4590988439131	1429.5234741630368
2718.827865476854	2532.4831922863805
975.0526109015232	2938.2520947765556
1599.190284342826	3353.46235665435
4641.417405791507	1102.4913378489964
3321.0337118001744	505.54544360434375
2262.563348788492	2560.89077079308
2705.2182815361534	3794.854062980822
4896.285467530336	170.0507058472476
2943.9199817491226	3322.296390548869
4463.199765991893	1859.7394579702186
953.3660873516009	3558.6130306808673
4397.676093636276	3871.779101291797
4346.611374401509	70.43506503276274
2651.831953696977	3203.0081953355243
784.0186254688979	3652.1180150146984
3560.2156727475444	775.2493356242244
4512.352309611449	451.53072139122787
193.30734540193862	2525.9659652031264
3985.988233681957	2688.7699794950126
2463.8137916984833	548.2473817627383
566.3766811752103	1501.1613453519212
54.73623697663137	1388.3254481753756
830.3223034271184	2510.8951466402027
4640.624016271837	1865.407283412376
2693.6057949514156	475.2969009913574
3716.521055938596	3202.3388791175166
1367.011911340593	2897.6767733076795
1748.9805956755672	1806.5964359069646
4538.834852798148	3335.514865890893
1516.8976565287878	3108.0182843335997
3709.9897932334293	2849.6160918450314
1120.2999044196517	3599.687847802941
935.0642275122784	3812.5673755903904
1069.943165201754	1474.1417002243409
3735.480184453462	395.487317627618
388.9737650311776	2590.1164896344235
4320.499933832644	724.025189191982
1881.3245786153159	1241.6767696537108
