# turbine_x, turbine_y
2183.27760281954	2220.4534806420606
2379.9201371074655	3355.0870449591516
1889.2578350406866	1962.6909797322146
1261.627191498298	3488.425672712073
4397.895166511781	814.2921564582552
1355.887761734595	2574.5947059382156
3957.8540877111086	35.37698229772953
1911.7582187577962	1073.3359314382685
3474.0183042799945	1866.668375483543
185.77631868386794	757.6446433707231
2301.824613953959	3600.1081281713264
2044.5120569635876	2124.9655453587584
2717.9881046492355	1750.964108467869
-339.13774631913174	3285.794324586
2057.091987726972	1747.4896004705456
3786.783383606025	3374.820409762153
724.8625729324147	2828.311441390411
3162.1056929825927	2688.7689792816254
2803.4688084817753	405.4162471517778
637.3323221397442	1524.097229556709
3469.659768998957	3777.2775075794134
3400.5488992989494	1723.0205612652098
3801.496146841902	2669.830840408064
1337.911522231044	3634.1101419144657
-165.98336774547712	2847.0766706333934
3354.4434683150052	282.25602721300436
2664.96835153806	725.9904165864572
2217.0514165370546	3368.552736699845
3866.212757493242	1746.8194115069496
354.63885318224345	1974.4968457000418
734.3216716699899	1014.7939621907547
1166.416452057933	3216.0105869094855
269.199594864892	3459.7544081863175
1389.8471250071316	3103.9915602440287
3676.0131386405073	864.8611421276993
1961.5424428729223	2984.648405638956
4939.44070888098	139.7400467987258
666.9681754231393	2560.3475379115102
2796.6833972397967	3584.474538570833
3445.4194762295347	2729.561176689556
4340.200972668602	2958.5045767403276
3673.2422403058113	3739.5987482251153
3150.6337784535317	37.930764898605325
4274.426494190988	3300.8242665579933
4247.369228308843	2681.1542880633274
2692.1128092312965	3296.3492843890926
611.9474370401123	2212.9868055167644
3233.7312034617344	609.3242491553768
632.6570138211113	19.711234469001816
4849.320747674927	682.6618520554657
2266.8524402769144	1807.3566013878838
4518.170797032244	2458.761410601873
1204.7749826640386	18.575023202240946
-325.2218702149471	3662.9370204653937
1981.5163746390544	501.8595667022399
2912.3598944374753	3080.5222889315614
1809.392738705764	737.0080702799753
394.6300113032918	744.279799903547
1489.5171769089625	3248.6542970621977
3991.6749510536315	1617.8897652518574
976.3018301517884	2960.8398975246673
2136.2564709545104	2822.79991559589
3997.6026417831467	2122.074215665271
3973.5904360804934	2343.180696609282
2490.9441359811326	3503.001655685469
2309.410008987073	718.209567053355
390.92928571739196	2203.7780886914707
1339.7366061993316	2214.3648546410495
2337.6014378304003	1969.7519023313919
2798.2816666961417	2532.553295019689
2514.719210320977	3150.4413610372717
-143.01540819137128	2261.5109999925867
888.3063797096574	168.9146777161429
3374.8717459891495	2925.4816544715713
2602.594227631502	364.3433510859419
1637.0292014009922	2339.9057720108744
93.06590497643036	336.58850514163913
3022.3329616224974	2311.868781870987
429.33801182288965	3438.196949654734
4348.28517000439	3635.3451004926446
