# turbine_x, turbine_y
1316.8077807735035	223.62936888572332
687.037406599445	1643.4398040643875
-133.96137448361384	2264.4849200597973
-367.5147007159493	3133.5343129007238
2415.3841980490242	2605.975723106739
4349.32478644918	2955.4564926214925
1716.9430132620234	2972.8567810408335
376.66100615037567	3718.1703421343946
2241.8482485146824	3588.666143376635
4014.013368856638	3448.8698852204843
4829.861620216932	566.0981865408733
4464.633577318251	1554.679936556614
1306.1021853738782	3469.4294987254543
3079.5651681687086	2552.7195875794578
1302.8537697085674	3124.3483502097024
1474.4682018260144	1744.62310621698
353.3892644601557	552.26090819846
4838.787993718667	1416.4984189795725
3217.0092433840223	1181.0566752922987
3764.784297422552	1651.0093968325932
3636.495963089201	2835.672034192149
4157.5259811385085	3291.386151847071
3054.5639121587647	3654.4031894100403
4244.775773261303	2126.7490575098554
3733.5325248173067	460.3118586822134
3601.6070982988163	1669.131398113076
-39.46318034928098	761.9073262132838
2199.7563044738904	3822.6965015064943
1347.2114937123654	21.793031185601336
1932.8416748929817	1751.482301126026
760.2351770382272	1849.9299327193855
1143.3702544639016	1528.7675092654265
3370.7732136288328	3479.883179546834
2108.6289975557697	480.0328471598778
3334.483594179706	1615.1324575948886
-77.82727621809919	2801.3679363190968
461.5750866071127	2718.8902473456365
4308.476089883082	1267.5823072342607
4322.5426474080305	847.0378663881497
2484.4542317851674	622.9459878063806
2632.641453041272	1449.635452011358
1916.1069810255974	727.8733930449042
2671.2630586525247	3608.2201783070327
4461.945854200878	92.15481554707128
4166.1839461805	2920.171132603856
3177.175809137884	3164.2956439803324
2209.999500636935	3133.985896859251
786.0609697860897	2.16028309601258
3782.7128476135963	814.3121880744534
2421.029882200965	985.3369375638474
4327.548365929939	488.91473531522536
3557.740886507045	3470.2387912788186
3882.649821821456	960.4169042522669
1203.3185893440955	1844.235478339891
121.40551328884806	2424.8414150369113
2215.103826830468	1156.002266841186
2092.65092736736	850.6876045325478
-129.9084542099478	1430.6226763463915
693.2112264716163	544.7694787215196
1227.9616613230164	2494.0838992267336
326.4808989760784	1164.8734734999837
4582.028153467664	1822.6071740788473
4041.602663401708	1652.4228660896188
2972.1661062737176	1741.2555585323967
1785.7212482669051	223.1760123308087
385.117539178818	2089.2546714277887
4103.7942021996105	3686.060513648773
1782.031528445005	2671.9308520089435
1044.2769266514408	2491.607778141784
410.9466792677479	1521.1045425686827
213.31389395499144	1356.166707464223
1454.4230959332426	3837.9607650306034
709.7042608015391	774.3183097258992
405.1837045113509	1695.3893047030074
1252.5306859558839	2120.840806102067
4453.753008094975	2500.350372130151
1898.3136558289204	3468.160972551188
636.2383096022296	1400.047804992788
3487.100253041394	1243.8492006365955
785.911618303341	2578.7957078390236
