# turbine_x, turbine_y
1692.8495684997558	1363.0609794884351
3929.1224001460587	3170.572969832379
-318.7456577171998	2700.962177340677
4195.0853033242975	2822.8776234309735
2949.5127817489233	3480.5842302431824
2937.6650224431123	1577.5107623959561
485.22031945849244	432.15309228515264
961.9480533443344	2527.8256900372007
2886.091664702314	1308.7509331834476
4351.130280029934	3392.831826884348
621.8082891892142	2272.5665197736294
-152.1115877397684	1257.773835061168
-243.85515163274178	2201.8478492985
2153.3190629711853	2233.8888362746984
1083.9546591320172	3325.970258169485
1230.4306620882658	2569.1893960344264
4435.422709585951	1599.8422170975339
172.80510814594615	123.8222499400236
880.3623720936012	1668.596218256675
1764.4061542752336	2949.9465480896474
4019.588987027485	353.05995134512636
4447.118042249161	349.9392717398734
3403.684283732742	2517.721919326616
2879.0108836350987	894.0016303540509
4418.360867158182	2903.6213029367905
79.65508578914931	285.0656213115121
-147.2325196473418	1905.8678835706983
52.90760766574176	3352.897210145568
2145.329771866863	773.4538650241371
4842.624168798918	640.9397397481652
3788.4355609076642	1640.9355693610348
369.81331862420507	1205.6497014119675
697.8659960813397	2587.5216870151044
87.48690784223629	2798.6741958952834
3537.4289593624203	3261.6749051540255
1471.8494197632642	1904.1245724367122
1815.8173893827627	3849.058318724193
-37.342186293198985	2644.008865266531
1060.1126531412065	2018.445892206734
2734.705739062159	1563.6794721967453
720.0282202580499	3004.324345529896
2822.6351861662747	2021.9278142613393
3624.1380966649626	865.7860782601347
4105.984181577208	3221.7925609171866
3385.273422885296	755.5802488443339
4198.134583531491	1372.9612734916404
2329.8988088072842	3151.193758353186
4452.227731369172	3099.09250496645
2490.2424362223637	1739.5504114966586
3119.807809701492	1485.1650425285725
3615.5901088869264	2033.926849339035
1178.4145046481012	3465.340871092461
1642.5189125672393	2791.8370659673374
1128.7796309887074	3878.993865995101
1657.216118396667	1738.3643904224273
438.31030489545304	1967.2096991572328
1108.824524493582	1562.164728609491
483.3712704539398	1464.384503078622
4322.83026804704	1951.6143254824078
3942.2844426365345	2167.3112950777772
1529.4615627203038	3348.0727271530623
4858.67002853597	985.6451157394769
3370.9128714876565	100.28597129470192
175.20032617160086	3462.6577138991497
163.11459694416	2200.105139317845
-316.56782625113203	3650.4947391013507
2578.4663671501507	3423.267813955016
3693.8342169401176	1098.7692478477338
4439.923142513039	179.80937760773017
1010.0038672750726	2246.8376405687313
2681.1529773929938	1782.5319817977636
2986.3943852836014	3052.9710937118166
2649.0327228528463	3612.811370564895
4375.352860942149	673.059305029702
-82.91737415882511	3200.9357277818544
1644.8607461953065	2203.7089071503015
-137.35554012053967	3466.4349918254193
1287.3651742814689	2917.381707747731
161.53570738657237	465.39277791086363
1809.2169595976745	950.1873167266298
