# turbine_x, turbine_y
-89.07249205031438	2418.8313722373628
4040.029680413558	3481.4690444293196
4803.696935916084	890.6080947132198
3868.469583399499	2906.3606648882837
847.8759395922522	1919.3911298786375
1721.3632606326155	9.169093876408905
4528.726961514109	206.05729137084458
2599.2076421927245	3488.3795401907378
429.2348178542	2415.2135793159646
705.8834530886068	2612.0847406021317
1272.3637832766117	446.95039268885495
2299.6543526692094	3176.459472571336
2062.0402778787584	3454.977406223498
145.59861917487856	2973.314972066335
2647.230631141566	2480.2512900974266
3484.2550911062467	-1.3395515374003677
2702.2445702858568	352.3924023168554
3370.3333478074774	2998.451482520144
788.1408989702102	1183.9492530661141
-15.26468397239295	3299.023004096935
-100.6003648794963	1951.0048154948945
403.9591991806614	1309.0032433644765
3208.7926880593186	1507.4792460434471
2141.666135207747	268.61387590045166
3111.1955685201483	2041.627253424908
2165.723243083693	1533.6839879962006
4298.211056745287	2153.9318737479894
1451.955687122865	1102.9674836445872
624.308406170675	2440.9424705249057
3524.763609910209	481.05322351447404
502.56995375018363	3119.078584437379
2700.787104728474	80.2480835698885
3454.185971692467	915.0768200543322
-29.50713660237431	546.3885240475577
3985.8859257256286	1391.955776105459
9.332108676971615	2555.8898410378565
3663.9003961188846	2387.825427171905
4457.006524492039	3506.399319634264
588.1379282108211	1074.522180270363
21.39412649703601	732.6643718775351
-253.5497979807718	3317.341384644048
878.7352423155244	250.59593372026674
2380.2274593667858	2989.3863083939646
2328.41984372914	3756.158566680592
1158.5946559373572	80.98913109598466
443.2901086823456	2967.670671025996
1102.26014850124	2663.540755249972
2565.3311775908664	882.7493909517971
3268.028551443001	3258.3598793944648
1179.230462388981	256.2006628714294
2130.974307413361	1793.7431204895631
930.9154581644402	3036.641684471026
70.01338609698112	1702.7426645352853
722.4684041183707	3544.9520018923854
3044.7172516357246	2865.755082100735
2043.221426555823	1125.8257428861189
1607.1038331297286	2304.9776866128
1915.9893176192727	3338.2991566483006
3394.024898334154	1310.2704233593302
2373.437213518152	443.53578072618217
4035.6719932873452	248.77757596787905
2876.141741902996	911.173603884468
2343.412995454489	180.5345243913719
4321.388221455113	2709.4688553697506
4382.58539474585	120.12900451226042
2636.2979489477752	1209.3802022170323
307.1690635918182	849.5146158361472
3481.2564028145293	302.69179533034276
3606.2851952430897	1949.277498370817
2517.1358118565227	3271.029027336384
1743.4885726873038	1975.5953493846882
4081.0706250881294	998.0335808013544
4081.9338226157115	2400.0701517707516
2214.0705277956786	730.575709323582
1852.0859101972708	3722.5797027696794
402.97016485567445	3721.597010949656
3052.5839701537984	1206.4284255493485
1696.7276679487602	3486.64045612871
2567.2677008848	3085.11277476347
3241.3776371599683	689.3252286223689
