# turbine_x, turbine_y
3935.4014651664374	2620.629441309812
223.58148505090975	2702.8670194683386
3027.290168255729	3590.4586115380685
1088.2260306851226	3444.312235628334
3414.7123222025175	2643.7160726535462
1661.5322874880935	1712.4627644665609
1711.9864197460727	2863.318115019301
1449.3700035642341	3823.8587036483796
2181.5297874010726	2122.921410993829
2052.1149411014603	1607.818486716308
4336.916254826742	434.7865447437202
4312.019275015057	65.2350520943125
3308.593819427526	2990.492678546899
3910.4486530257445	2362.12106312112
3588.2892467633355	699.7451491312545
3185.55257570668	1771.6735760914398
674.6228328450261	283.11434531637605
2747.907191807948	3602.6797965089513
2052.120321643661	48.92215834945549
2543.7278758197076	3288.340938828288
2781.0759900067533	1040.2440071303545
4164.651901676034	1335.4473109725038
1309.4548951111803	2126.808717423649
343.3224414383168	1292.273453084416
354.0585986912243	3052.8802094052585
4164.603035413237	1087.6407168301955
1784.56765351849	1596.8205279633219
1989.9358772295752	2937.7609565177813
3380.478143099783	883.4306121650629
1429.3903112053388	1078.1961081854574
3927.799914707866	1434.0638119469616
487.26126786080226	1012.0346029571272
1920.4016939071846	2056.689039679565
4454.013056827075	1978.0369149441583
4210.867034886208	2345.4258770968395
1949.8378471831609	437.6968625037221
4502.325210384363	272.4168252959536
4781.968668846451	1675.6394100168764
2551.297650041086	98.42991452563675
2902.7321448644047	3121.054139453968
1195.7194659405618	3602.356910877928
2621.3080339299468	2905.416532123267
3288.761754414177	689.6374933544977
1260.5351500984423	1268.2271138369265
-49.134678609821165	1134.6119781854202
-123.0465732092649	1597.7101475054244
515.9541734427652	91.37203279401352
4269.402314802369	2067.79462657549
2513.4005837898794	3574.2886800332712
1344.22272614067	3226.0532693833875
2957.145906080308	2749.962696936995
3666.588220530671	1317.9753999134489
3748.4745351597794	2314.9508287532713
-282.0290187226305	3054.140984087456
4585.9422182400795	1101.2081716297535
2873.628163060982	833.3010590482677
146.1087878378843	114.04543467373573
174.15215266073145	1271.595562901908
71.1096206905984	2537.3388562064533
3846.3311881444	1186.2243844609088
21.621803908723656	3873.6669313772973
1261.1168544320942	1582.6411486010925
4012.788198348649	1830.2250948016253
3526.84203082454	106.8453511397686
4328.476695057124	258.9803355985995
3753.5021660342713	3180.5791854277186
54.33540126938098	3226.7496143360277
314.8615710814935	3861.207930472496
4262.824761948294	905.2418444407049
3500.039262987015	1234.0728696579345
3368.2455635435667	2417.1044502455743
510.53538517054494	2560.6255308410146
3587.609313114735	2237.49013765051
2200.322988038276	2722.591488163409
12.059170516012736	364.44792716504287
981.5138058256458	2708.4037649801294
624.4704462720726	2696.2598478696636
3043.8411652752206	428.48255709524096
1595.337986361038	606.4537306632633
2094.8520379089077	610.9668783876102
