# turbine_x, turbine_y
1806.691864810928	2054.549468199446
4075.444409405072	2874.4359090557055
3254.1210462370027	2275.1779322901257
2341.497155714956	1794.355188044095
-246.2295558721579	2215.5377677607726
-131.53141399183778	1771.2306906146691
428.8848551612398	1085.0681464895572
856.6811440758016	838.4367031227619
2159.3325034008426	771.8881380601599
1044.6370836840304	3620.18955964283
3219.6697630372605	3648.1199203006595
2550.1417776654907	2968.6028360788005
2104.627731679039	1952.4827137739596
167.48636381435114	1858.6665909718877
1078.9749959904816	843.0660101729537
74.40409025292486	3189.867773636547
2620.239641468448	2365.6580640377633
1032.9656664968206	1005.9989198301186
149.39806728033295	2110.563814999317
4551.25118429294	2939.343602043225
3156.4913226451895	3394.216386405012
1379.999477190073	3762.4000716441856
978.240385299138	44.47044621782826
4154.758996652171	1492.692163210221
2143.6926495787798	1540.525261532335
936.1779656200746	2907.8161733366105
3927.442174752616	1538.4989738116485
1861.637667195094	444.8066679260361
3605.3310672468856	3783.120318506197
2581.8554335144827	3332.3857712574636
3862.954008803146	2982.4378947493587
4364.533639682467	1151.4709706601186
1580.8202849895636	2610.388804299022
2556.884639628335	3493.1342455146823
4669.586782632347	1212.4221534985463
3776.6814424161857	3873.884310084593
2968.0877583975193	3684.487070015233
3608.659294661584	17.60187819371729
1427.9900141751702	1833.754327971709
3500.2795428399877	1838.3762551807683
764.5451258500507	2411.4851354299353
1998.477613724583	302.1097124533091
496.8922140599561	3646.5307399126586
-112.73858377216818	3148.061677186332
2126.430728389235	1714.9617241047015
3262.48469519475	1101.9572572856707
1492.0869893071654	3304.3644940130525
3733.0478334398963	2412.5814443791032
1750.4264042812958	984.1264675984288
4614.388274826653	2445.2710504775796
1598.4588181724382	1118.6253824927826
3530.501218654614	2657.381539534962
3198.808933727017	2035.6762214302933
4036.6519627095076	904.1105257912811
1562.8142123010068	3707.864367574838
1126.5286757149086	2009.612201253873
4579.904871639458	3532.4584950401445
3250.551601461672	3246.285198728291
2240.028220921226	3778.1847103327505
2897.4125325002847	380.21812074556476
2836.8914773159827	3553.851862740841
1236.187607055366	26.896893753446673
2484.9359019375734	2539.2835703711894
-132.40553713615458	1548.1913168594533
234.35072098826126	3618.712037366352
323.9226617040711	3029.170557572574
1608.157790397482	2216.822278193899
-261.81353197451443	2860.6445142321295
3667.931527226932	1183.7009466253671
1043.4385904742705	3875.3490328707735
1335.1735846354475	584.9085947191049
-97.73632239868228	2635.3518189018723
1289.9321919247604	323.8712262027332
3062.8875156834906	2661.084269126782
2603.37175670792	1746.744205840209
2485.7633351586715	526.9837094781442
3820.3002948916455	3380.2474759507118
477.4807382688803	3320.772061657327
510.8519186068536	2413.3611578762843
230.18879364320023	489.1720143061165
