# turbine_x, turbine_y
3597.826112517418	1537.4424038936215
-42.65956112631108	1809.9188522398304
1726.8075923502404	1005.084477991712
2762.8417571832724	182.48332101592766
1599.437235658707	459.30620252272433
653.8316848545518	2321.198069465189
4065.8515364800824	203.95426006522226
4181.517491905524	3285.5389870216163
3441.1142108179824	3464.1129367182825
2968.156636004614	2954.757410629868
2671.317097223823	1890.2180611816173
2632.6875646421345	474.15044125651406
294.53691559434606	3269.585106034005
2951.27882326576	2524.695101018139
3815.1963106962835	1330.5949291780437
1703.2917072629125	2723.5197536255605
1169.8221581826997	2484.321669643796
603.4921379952768	2767.687604176466
1059.344298628246	1562.6959871360282
4274.613477268007	2265.7883915121724
4132.17609683301	2906.267317588094
-393.10460986994025	3318.2556830259027
3504.4267683136327	328.6080110739395
3555.4072155883414	2292.1498644477533
292.12716749260846	523.6849177429017
3325.2969821233496	2231.084038775455
4007.982132588645	756.7703123575753
2866.755374282778	828.0223566680943
3628.0807141832565	3545.121324175869
4490.208596584085	730.5762236299762
3479.088653628579	3086.7058742106497
4543.688316691566	3479.515788064138
652.2733296354697	3527.019524717044
3842.9613172125055	526.7485940294139
1828.4237823399965	355.05768695749197
477.94607641195955	3582.0947755313696
2277.4578562850184	714.3325885126336
2683.4797093917014	3117.856028492029
1610.2224836955277	3686.918363407087
1335.8952257848764	991.5940242929692
3189.90626530415	1892.8089630735867
4115.237356896124	3101.563608500552
2504.6898329797145	3144.8011537197076
320.6072033720874	1225.7615748281603
2446.615117976625	1715.3219853802389
3599.347857060693	3344.2724014134906
4801.934761838449	1517.7669211801492
3389.651142753239	459.44232203532556
4875.200761774616	1219.44182785917
2692.028699043012	3847.7342517155726
3647.9377637581842	2930.170504174665
4515.001468899257	2700.1179198185496
2331.9179010710272	1896.9973998318017
2252.596808168577	3517.9360199006856
2700.632929510103	2485.0383882485253
1045.168170900169	3281.048222976966
4175.6578415211425	2084.841266398257
482.1539808938572	3804.8001090177863
3404.255374487596	2537.6238783594536
4354.627307710485	3003.6631832758912
3301.7791956148594	2053.6203434991126
3552.6225573241422	2647.1587116763935
498.18506058931956	454.9186176173549
333.2046038956621	2893.4783664968154
3999.317726169017	3701.6931252605846
3040.0547462069794	1275.4390586577945
935.7486934228625	1925.1876228518886
1913.3109788236507	3739.1209494120903
760.614582809015	881.7412376293227
3723.2910824072414	113.97519621914469
2214.0515568840924	245.31538217756722
-130.36219646425093	2826.829022283691
764.7743695234744	2508.9499009165306
909.9266820357554	242.30713246097352
3114.649981832453	606.9213365302084
2602.404674606324	661.6031805593783
-303.3269806323278	2951.270337388698
4351.700169179117	2111.3353834319028
1301.3275421434414	481.46256585124803
3000.598935795678	121.24234252558368
