# turbine_x, turbine_y
2523.943129083315	3587.279442317268
2220.255555265678	3859.048184899623
1014.5779335159044	925.7063878946437
1531.553443835953	3736.9110703106244
4314.24141583526	2429.6122963426
426.41583214126194	2086.190189964608
2150.2830259406114	1137.4292351679717
2324.7656576765903	2568.102946627736
4558.679005809515	3279.7207696273617
2062.963797181095	3724.9954899083887
548.7417632542615	609.9240415198017
2472.6527265218924	387.11119120035215
-28.901780583166104	1511.8859785074508
258.11589200377324	2333.8540972037363
-70.14313511768434	3150.620810386428
1209.4436255281096	3161.6650674430794
1735.6370652055127	2975.4439654401954
4605.549686942765	1811.4299049253611
1547.1745649417123	3189.0027249330487
3061.0935654997365	2692.8215085930206
954.9339673980563	1547.983657753428
3120.92158243053	378.46356041367864
3071.581402807784	212.97119542060645
327.8227929923255	2576.049048765321
3212.2620535091796	91.41858947992111
173.31900886036522	3881.295251690594
3654.9439356516486	735.040019290433
4155.423925482714	1162.4787686050456
4137.693006549408	1752.621282537839
2487.6307478969766	3863.345967088587
4382.850772167248	1422.9458659457498
3706.5528192163447	328.0877080830812
2270.621453097284	918.7878424153567
1427.3982685333106	3062.3729522332783
2206.789225840421	245.96747712558266
1146.6163654446862	461.42188742812823
1175.0789659713125	3780.421761727989
2537.5150340058335	183.93821312960986
2913.2606530714547	1689.5671850950698
3773.8236745793174	3101.7762915011212
1121.9618795058018	2416.1420499928877
4865.189392881713	1262.1991448625506
1174.8367238554072	1806.950654570252
3209.340413332591	891.1507929221854
4647.629114398555	1206.0411437989933
1516.3222547284445	2004.14475634053
202.32509282462752	1492.8274769823233
2367.726307231086	3438.3628702411934
2391.3778844679905	1586.2815935343551
521.0268035306555	1771.3745569651007
3579.3146994508065	2998.3644199375167
2046.181971530214	2863.207583609607
351.21283509276907	338.20281084800837
3910.2913383256528	3532.0637406630926
2144.8319911446815	707.3856487140373
2066.964492435006	1577.5366615653325
4331.2236972743185	3714.3617605052655
-161.83071157647012	2414.3757316809706
2405.0226135871144	2924.110122818032
2560.5597037627285	833.9695172583661
3183.760757277148	1325.0965911616372
3385.1643955281925	2673.3647190623947
1995.7485515772553	797.8518576890393
1405.247188159579	2784.552576974037
3687.444454923446	2154.9414700837488
107.27476410915342	123.55944247724139
4131.247363839003	2214.5383964709627
6.037039666364009	2663.6221589322863
592.5070580265325	24.294041892248877
-222.86282802502737	2167.804258622876
3997.124263394431	1581.1791499816106
2708.9983769631062	2037.9058461797956
1337.6999979169004	3345.1762181278546
462.18892097176376	2408.7966919549
4247.039481049721	303.02503809040974
3243.74794851513	2871.886692508172
1609.6284919562602	1073.3668688805749
2121.7793661688424	2568.335030568985
4580.953960522596	2130.1737458531684
3682.2882016968647	3342.4275547670404
