# turbine_x, turbine_y
-182.61769159990354	1886.3059984087627
3406.4020716577315	1940.3432957220555
1096.8236221592454	1360.6844606229736
218.713985730233	3096.5396086715314
4403.5133768620935	353.00953213762017
4228.082407337995	1534.841829914558
2046.271213694549	3394.804801889223
1310.8437093529453	1937.9720564275276
3756.7211860759717	2753.6802450008913
3412.5829319619756	3308.5044655700226
2628.26011057788	1361.5415388043714
2605.535725246306	2756.6068315844145
1252.9202677294813	3512.863670606309
4655.851931549369	1250.2073469638465
2215.119794417312	2149.6317518165115
2380.056373307706	2212.1885926950526
682.269302875226	1643.5675119267116
3964.846034815182	53.76080419486757
4700.180105472169	187.6568142322046
1613.9852107600484	3304.0536654173275
1540.6770765863782	276.4707424038913
4836.913750573017	724.7236924516657
325.9265340555435	721.1458173891796
919.8400626430596	3079.199065765353
4656.57103607509	951.6671912478762
1515.8500404937638	1994.304158323197
-131.68239289354904	1633.482641885861
1849.7326200174682	1220.298638118988
3814.2332233877896	2310.3220371070543
179.98125708649647	2911.199903395829
2434.8872257626244	2720.8230549848245
1549.9570182359403	776.6148084603094
100.31347421777497	1536.6355641240025
3597.2532623561383	2573.8941224407813
3432.9746211469096	491.5930591067502
470.73024624190765	3188.742179868324
949.226985661619	1884.328120462834
1439.1365534063527	2600.428255897903
1736.4568954291042	709.8004873204893
2091.8787937630354	1937.604386606791
4049.7077892407374	341.4782204270661
-190.74212667206936	2496.6909960301105
645.7257016049336	2450.9097520176406
3601.917585065379	304.7531026878359
4176.515141452515	2743.564911445944
-21.343630108845247	3351.0378639595574
4148.229230703306	1249.0273460279254
4168.426360814612	3767.9767415082915
4779.749028116824	1700.8681043683043
4413.97108376145	1630.9709433445641
534.67655394591	1881.535628174835
2415.668753040558	3543.5233993765173
197.28671388766216	2475.15972195255
3333.1648238951	2310.6146679829753
2643.015916697904	1982.6074023448446
4428.961471384265	3873.4087720886546
3520.058850003657	2374.368177466277
2588.990814624178	1068.04580553605
1693.0553166186419	2640.53270168087
3534.789965797085	1139.0362268454053
2170.3489139913777	3038.849406665399
1114.93225265161	2233.059892109675
4642.864098528973	338.15976599577766
3924.0492271777493	3806.8263396105067
417.1014409149354	3882.9072939956504
4677.8335675419075	2728.208666217085
1595.1047694212314	3767.149350898398
4169.819175406484	965.9327325471479
1305.3597945868462	2907.9809970906535
985.9684409534389	3554.987145663681
2990.8950247290877	2927.6857176379362
-18.921709808483794	3672.7085423999815
472.5406981940918	967.0085629797796
1910.2560176619988	900.1773284903526
3843.218991761347	2056.0189846888215
4109.623768583262	1977.8410179409254
2855.178153409626	2448.0307202070694
3043.9425219491927	3141.62453761558
1044.4445284215728	2804.030398177891
4380.752305536399	2025.810778671227
