# turbine_x, turbine_y
722.0821260596944	1395.413291674385
4079.245602450031	577.6653627446834
3471.255553548745	93.7895160244574
1595.0547637649622	3750.454947255528
2155.788843593507	2898.1826276493566
2568.615540917145	413.2561356862936
1323.1570108966578	1812.2479406363557
4742.39342621743	1572.5825028236968
3548.7993969913587	1272.237531173465
933.1551622952587	514.2347012176947
4526.034622993184	773.0027519912143
1947.5603629230961	3573.66403839138
3338.482838671247	483.03401781907843
2977.098183700444	172.8970800346814
3486.2186085760536	3298.255442944598
3710.4975946989334	3492.0668531189017
4268.245908814307	206.3184787417954
-6.46767364093687	2449.71058359149
199.77890629036955	1563.6627648243473
177.7703456709069	2920.2983967531404
3424.2738820694112	2772.2212763322195
2944.81949340436	1728.4242895801667
4688.754217816166	456.4004256025975
1086.474918259789	1224.229725311503
999.9640939262783	1917.4300560804263
3906.5532369603025	1560.3535450807237
2206.711475077086	355.18164897604487
4404.214434885191	2012.5586670173905
4441.442463110943	2559.74287835296
3549.139449929769	2520.334902040901
1536.9692821464027	686.1277825448873
873.0009841272481	867.991242358116
1921.6823715264406	925.5721652516097
3821.2346903743405	751.6571563381565
3414.143739337656	2144.074331276822
1639.8396063260666	2720.9398951556323
3950.499620153128	1905.3447436295141
1918.9054773072723	1544.630749655842
2039.9381736763567	1093.1925193067204
1336.082802576375	2786.5415266879504
2766.770365315798	3764.2463896841286
2414.1586959974675	1368.0409336906916
4419.67573221247	1342.6435935766647
804.3747809092575	3572.1514509750014
3239.640504229521	3340.6172316873754
4136.903803989367	3774.2105422067243
1752.6063248566024	1598.74041349377
2076.239602471087	3445.681566280475
3273.229407439387	165.93061739746472
4088.8503777140127	1097.101668502096
2572.3088158916175	2814.7066668920565
-110.20711154135203	1137.7205248666992
3460.5876001817514	1959.4731504164922
3712.5310936479427	1994.8031411147433
1713.1621111528373	618.6717691552998
2156.4041950135734	1911.3047907574667
3095.2695906263793	3218.081802567585
2021.6097058514101	2324.581741663903
2920.1226599052525	2990.3092697718153
1236.7167135572288	1108.097115973485
4257.1445438644905	1022.1585947231528
4661.338603061889	2085.959358822467
4782.137375960809	902.0406560533996
147.17849008762227	519.2998598609136
4769.191169704482	598.8381532729919
3438.3434417952794	1670.4629389926447
4214.446008591733	3567.6256006137787
1497.1374424825538	2339.255721431407
1275.8830041623396	3080.1800477683314
296.0283389602071	1853.5143350378837
2138.312556370631	1375.0058690264307
4637.691562468307	2416.142242750943
4541.326007869814	1791.384485412767
2250.6402665606697	2448.1311973459897
1389.611563445797	831.4120406613268
1741.1835482285821	2507.440008497197
2796.702959833296	3349.370982112511
3998.7169158562783	2100.816692446616
3908.5442411008107	3369.0413460204268
2944.240203960201	2733.6966608696757
