# turbine_x, turbine_y
3808.536164615519	1002.8156988687282
989.7734627334655	3266.68326423365
2897.2148586456624	2688.3117051936333
2570.6338606900213	2858.5949262745103
1196.4321612905148	2829.0974754332474
696.3201589489425	2735.174150921431
3547.3955230231095	1132.112985334341
3872.3528668797894	126.74422699289865
1691.4915771866833	3535.4863617706737
4311.101264599011	2187.0402484104243
2954.1468024156698	2477.8610504557923
4918.5918870262285	460.1583342691933
518.8480424160928	2433.424651775496
487.9630579512548	1330.1306630331978
3510.3457225689867	1870.6860056507269
2008.592276544512	886.5907335222905
2596.61663820108	460.90442210277814
2484.2921097164985	685.4668392516245
3447.5049372394174	3666.389682628438
881.1578325560658	535.5775349737623
1932.1234259654407	466.5258458951967
3677.942736931834	3223.5990123376964
2208.8137657668653	2422.6621240919244
-63.30015207731715	2143.9443241663666
3983.409909247536	3122.7907056039753
4390.161614762913	1597.3822067509316
675.9778699238062	2327.969138906847
4135.7295301421655	2494.4903924689866
223.32576441453992	2072.5939590307344
4248.457526258486	138.44233959842316
490.8437569500249	3670.0349302400014
53.14409534768601	2876.7374372592885
677.4290805061419	1516.7734697733188
1542.537116981506	2466.235281551775
3214.345075137152	2544.603816901755
836.1326695332201	1849.884437185431
-17.45511159923065	1902.193477327808
1386.6515836073638	1650.142426321769
2265.851357888701	1571.0707384302789
291.66972033332974	825.3998137215107
3673.870591867727	1365.259345658348
1019.929087384156	3859.554556514116
1090.0017129274167	3000.4912769851658
3773.4805484309018	3792.7742737016597
2031.8665052040287	1728.8359388933527
1620.8927171120147	2036.169965558908
1829.4114587476267	2815.0744676339787
4642.828401522776	3147.7750640614076
578.5653889294532	3190.501542163406
3693.021503997701	1830.2260240840737
425.9187164830646	2753.842033190463
53.77787401447211	2375.694325396853
2857.8065084276745	2858.608986960638
4084.6633393692036	3380.9833344351878
922.582402496246	744.9642995805291
4904.193278911588	678.3992404133453
3763.746359139392	726.9150323422227
2189.2467711202744	2730.429271031549
4648.384115865453	882.3603206762482
1780.7948893831037	2382.255736356815
118.27621047241269	3373.922344111317
2610.4285036053575	3663.328161504903
1909.6665716676666	2953.644650251556
1430.0229091189497	1923.2741523970708
3154.490312703122	3111.3621759815114
2700.367872874535	2988.5296576100386
-125.60125004716535	1595.4866675242743
2386.1640940062157	1210.6321197204795
2747.9206540485593	2127.966918580025
-159.125115784008	3800.4964820067303
2394.550895590099	3646.3654038619125
4427.578600945978	3136.996080946752
522.5676967429679	303.43136671403505
3840.0966015108356	1508.528196339511
198.05994213853305	1720.2995066692586
1955.899071209794	3648.255472094774
1079.048394589247	2071.159433400402
1636.479933704929	130.47856946194293
1514.1635480596265	3812.572950227042
3560.695896774032	823.2220300225575
