# turbine_x, turbine_y
2226.0563184634534	2514.4471001117786
4319.249440581351	1651.6626834312667
2384.4641025382452	2444.2261077276303
1103.5656293180236	2795.743436059898
4478.219664282325	474.83297245863383
18.085561491404988	2262.1065341832077
1286.2529689179416	1336.5382410368782
133.71160170878343	451.54833247134525
414.24228180325576	2000.6066117015052
4443.3717880757595	3085.9916495177067
3343.2269909609595	36.63095958604397
1328.811816436273	3506.467643127513
3043.2967840163637	1859.823464756323
1102.2337957622342	1013.5493052528449
2852.4470209212745	654.948564954301
3579.0907997155023	1257.0621298284332
3586.8152399881274	2743.3318676099548
91.32931788174466	903.8399547108947
116.95605250384462	702.3257478339932
445.684827615339	150.17181114216456
3892.504505517422	3327.322676946098
4809.746378135448	1728.8745994754674
257.9980225098998	1952.8716907279127
4685.099320402031	967.1037710911257
3238.191908004738	843.6381589596381
4013.518919152302	3843.1250756400236
3283.3869882351296	1615.3914213566004
563.3735248337157	3078.17262057786
-297.4307673912973	3228.879086869292
1918.6461461141653	2410.3765165928403
2795.8946131983776	1303.6134340111375
3949.683838436877	97.95219945592142
2859.82194046764	3750.1626229997146
953.5054752437457	1792.571143118592
608.6603104011601	1378.1485529247811
414.47321549998605	685.118941436136
-66.11077076815708	1221.2121962317474
3645.229162250166	3642.572379964391
3798.6594024191936	1332.8116958359033
299.84376725994514	1686.9509323666186
1219.2226901146128	121.9243497499885
916.5915917480552	1300.7079664945586
2992.9719708454086	3617.5711844820594
4737.414351054413	2324.5980573708734
1023.2441208704552	229.96010479887372
2800.558486147653	3300.8192298046943
448.16042389822405	2182.970659777489
2060.5104908022013	1647.8708562634176
1842.3708514422922	2562.0250686129752
2888.2626381429586	1531.6573715487943
881.1175593951724	2026.9538498287397
4331.674340212124	1198.8379606999274
3813.905418533416	637.3811333605964
797.060299475263	3274.3196333316164
857.2108605477717	243.60782984113766
2333.0142416707877	3843.88257580963
4320.517584432321	2437.588079110539
2971.71556645892	2529.563387737396
3455.8790468592415	2877.460608669862
-159.952229898892	1376.0546074726685
4644.5936452744845	767.0171664720223
2447.445375778516	1123.9412447711256
735.7853521199811	2281.81107183597
-49.33355460829432	1953.7619201008997
2469.056710499795	457.8869099087395
-82.36628127446933	3773.7976375765065
3796.942041655651	2757.454347108148
2561.7889411146593	786.2518680081382
3931.964071457121	995.4779086798526
2919.5272392474362	465.7725221510863
1132.5932980827693	3596.116339219458
3977.1301871340847	3037.2952359351643
3700.920810808364	1703.4275742244913
2605.9082780980457	3184.2007718070718
2715.662217094027	1595.4525837248882
4776.127814021949	1310.9534676044182
4480.2050893875885	95.48377856458875
2785.9740315516165	936.8190350894462
3865.675709047063	357.83962885786514
2090.063983208905	3324.470613825152
