# turbine_x, turbine_y
3443.101712104696	1359.2279361457686
3070.3357208473767	874.0343750705667
447.3141917700466	2319.6336121889713
719.9912772621046	2583.6937529216757
2433.366961088894	2269.077883118947
3444.061252147666	2861.1064690809017
1477.1568092506336	3036.326892752046
304.75734854745826	1125.9286178365473
1911.534542895952	716.3545413867074
3529.898495654666	3602.727015503943
3454.4100403630755	398.6385465482136
3126.880411167768	23.647154027402106
146.91035865426946	274.5136174837533
653.1511144579903	3125.177939913562
1450.8504964482765	1566.936027165847
4414.8588545510875	1615.4579030388054
4457.129233501543	507.3989008105754
3864.5627488707014	2150.963772718508
3057.8657163180737	3106.2842257490806
3129.5093836669935	1091.5092372683155
2366.0413285197696	1781.0911954283433
2803.448403864867	769.1369709633728
319.84463893007086	2017.9896568897693
2877.30821016838	2446.9914023576125
1112.1052971140396	1971.3102600230684
3880.7577370666713	3076.342295007704
-266.8918002146631	2837.617446369549
4659.297569233781	2637.4270578661535
2434.829107931905	1300.0535383081724
4616.514350568475	3074.353534832874
1675.4583859295803	495.3475166129395
1463.4976632265832	779.2428016443316
717.0576922594561	1262.735294368316
555.8726147887332	1021.8197027717932
1283.5095907348752	2819.5315469746597
3632.988746640262	842.1813422963893
2511.017072493124	2681.639799766573
-91.58563383968247	3162.3908163347314
4732.009710284521	2377.543168133488
2092.7862892310027	1077.4546135242715
870.6898827733775	957.0127248664713
4666.836558495076	277.91255961640127
4088.209008799876	2610.8342078844885
3189.5595734023814	395.23758186927336
1819.9374475916354	2341.876070678907
223.37225230203023	3300.120478299739
866.9883557914677	1473.9234600312668
3510.669833851065	3442.0849480481693
1635.3361854003017	3786.4187278010727
2548.79431887675	1812.201369968418
2660.6448548653107	3066.9783932668197
788.6613239104029	2864.2213465778977
4218.187988277565	550.1625007636318
756.2288513025277	1882.3072301360346
2812.9115495929464	1258.067849340215
1018.1043171039505	3028.5989481718625
1357.980585836913	2468.6791270927524
2902.9443838922793	1494.9210614407218
4222.686601734368	923.4965641281082
3419.45378111807	230.5610702951627
1068.677619326162	2254.049112381124
2326.3636927421344	3816.570002855255
1335.488034596346	3500.7361790405425
3299.3195549985876	2520.1684064011083
1536.4032441086276	62.76940215100539
3588.2198204593415	1085.4994651854495
1876.7756327250154	1915.3510974653518
1219.74451059019	1520.9661492907462
2750.4979110576783	3609.7414415587386
1293.208546433549	683.9679292471671
47.672701427870244	1305.5970884155229
4310.781759749416	3151.11105236057
1663.8203096427735	1349.115081703727
2578.6852906597132	3330.2743934640703
2264.8253565797672	1027.5370982370514
2119.959569794036	203.13331160564675
-23.730161739503032	1695.4017350192037
923.1818637097944	1756.298834228744
2352.082672238424	710.1444908454439
761.1111336204333	542.9000675651583
