# turbine_x, turbine_y
1201.331114111778	2643.0350856941463
2699.7236885357	2946.1397661861324
2807.925712901439	2496.763889235952
4317.585360587567	1718.0776788314693
3941.590173381778	682.4772867531367
-110.98680448742462	3501.724716072534
1081.3188361892344	3061.7796126008184
4338.677966499074	2610.2931349952946
446.0765715192579	1404.8608845833512
796.8752009740786	580.7362510043702
2047.8607403092756	3091.3787137204217
412.5858855581592	2992.7062589359284
3663.976445128969	2667.939055424759
326.11072571268693	1705.4629864931721
843.4336321785868	2432.877369736373
4688.534822535164	112.54338090184278
4635.083274761901	1445.3869560816145
3926.2550494483708	312.862215755293
-177.34388192868965	2836.160240443994
3874.031066229404	953.3728474894879
-16.92394313694681	2680.773418204515
4124.282986387362	111.30795939216944
657.2211304707267	363.5175153006066
1926.2151213687325	1964.770074565667
4491.469725211469	1718.3397902705353
616.5100522038697	2161.215276048155
2031.7283180049687	196.35928840320696
223.96989599017297	556.670162411171
-67.96366453552949	3274.055350569724
2286.5951658481035	1294.1608622275678
1264.5746359555362	1973.2609946529635
1509.5062623275858	1378.927844268528
3945.2319650963095	2372.5331443608034
1530.5891557605341	84.55397391778477
-112.41819442642895	1905.789004138547
949.074745864362	3828.8369048711347
2311.484324777383	745.9915363621715
1889.433174726798	3376.953362441585
1261.4753615948155	392.2208652960839
1287.3103300436046	1045.60498370834
1257.5822247469432	1447.75972669999
3287.6455847110446	1382.5130090644116
1243.1341543259373	2288.401143531404
68.29228481898397	612.509706565995
3557.5239128206513	546.2759319027684
1779.1929772012932	682.1432266976441
3235.8424933095207	1721.840586673214
-235.3464175761791	2132.041074760803
4806.711137291385	696.3257192018501
2338.8434438615554	1839.1525415139567
4833.74623157997	1433.2632650157163
1803.9125258613092	480.0545618534216
3118.7872407721125	3730.70467805442
2044.2721989943016	2264.0552811075577
1066.3450581963896	120.8233459628044
748.1140436524879	2951.168310629161
3496.6380890504747	3815.034754600396
3113.049597456357	1077.2070628868603
4234.0095602394695	2062.7914238477983
444.2463648607445	509.3855164354991
4576.532507416137	807.22225150892
2751.0156493961226	120.8355699082368
1012.9761497754425	1875.6860471250104
2914.96992470818	3348.93918231387
-27.113636477577426	1469.3470020419309
4902.555949788883	376.68935016015564
3635.382437443788	2141.9289162979007
4531.077148884881	991.3058339135493
2591.2288767896093	3843.5256659995275
2660.701495473153	3303.709671747399
110.26306380745172	1897.991101416846
839.6682823157223	2629.6660717985815
665.7123761837439	3222.904948965945
1829.072831849913	91.58629816718725
4856.8185508592005	31.324416620601507
1578.8860903873906	1834.8380351284504
2092.260786137856	1890.3451319311137
2860.62085928801	967.5119220829002
2362.812660406276	1451.6068113262702
3600.0103367551337	3196.0470834390703
