# turbine_x, turbine_y
383.4028525033572	464.62799864548424
2428.6698686566974	1926.8577709875415
3378.4834128230123	3027.1431675784784
332.6051400031398	1964.950605204981
1497.9180266476317	1506.2465317580177
4691.731715941004	84.2467880046112
4452.760865330188	1781.710718167068
114.29368586634362	1234.6831879950919
-365.0496580537826	3702.017011326409
3986.3316426713986	1719.0724968042161
2998.481639975876	467.5922060150841
3507.021237678511	2487.827586166702
3971.7268851986614	989.3293878459806
619.8786436773667	2638.31049809452
198.18221323667206	384.36436633298433
1302.0490397872934	2451.8482835085406
3990.7539200988645	3091.802486505298
2778.539444978267	118.1806405600024
1211.2123472419908	340.4235395284434
3318.1154345411055	172.67564769028706
2095.9870210406866	1565.2444785001967
-275.99967536445223	3505.656954597136
3548.179552308124	1194.883513634831
2379.970627727906	1774.1049228143008
2107.9215285845507	2088.4483923317484
3378.4832032482946	1260.1409393136403
374.80856589966737	2254.3336430540567
3831.1705535545234	3522.590058966405
4159.72064534469	3333.5333846500657
4283.108647046967	2454.332019180746
1020.2563330138286	1939.4721239480962
3486.960929610405	268.8907333037943
4943.569015476467	177.14947580408972
2628.48812878296	3.8681787212415504
4601.341484954402	1390.066176817315
1364.0293664207588	559.7291244209899
211.32058460321315	1601.6404862440454
1646.0101706449893	1804.6655732565723
3616.0805498764225	1777.127394271149
3482.552817395332	3718.986614882683
1567.1422461119107	339.35427546036937
2790.0811122326536	3314.5185887006696
1820.0284612835296	2451.4873901692354
1173.498732762876	3370.8657122566356
1461.6447432777954	2542.9461906830347
2965.452122824798	3528.987200367593
396.4703974203231	1060.458083210356
318.8073787504828	1287.8497004016783
2642.820811462461	1161.2146708343375
3770.5961540881276	2350.935064869295
-86.4688348316701	3002.461210561886
3129.601370158297	1096.6929643106564
3691.810610742913	3398.3470468744886
4688.092097328752	2667.776181381052
3556.7719700949833	1514.8881678471453
3845.5123140410537	2919.206012803585
4351.038487623769	2841.4739949354757
2544.620063482759	2639.758113251207
1042.4552448667457	411.7740000967005
371.794237059994	3698.717203799565
1075.10145096458	172.77223383857864
581.0656039146004	596.0125522019946
-28.551899050996006	230.77846063545988
4100.624648121083	1376.5754932583475
1991.3685661935885	285.33130650989847
1839.4408257829061	92.65242375285314
4695.713584013456	1537.2469174339533
1413.9264202580682	3727.226118420427
3941.457205983286	527.8680496002554
2063.908675674902	3657.009594371959
571.0837072136856	1304.1400504313613
3906.2814767967357	3378.271634090865
1898.9830175828	1277.0328447183483
3321.9781083090475	3434.318442961792
670.6901059174234	188.7782148956896
1587.6432255282698	1057.8012737517736
2225.063122873624	473.8418459391001
1325.423299586078	3195.8465034967667
3004.7043420006326	1802.50839732503
1040.3871300762262	3804.4040020694883
