# turbine_x, turbine_y
16.71505490410196	3832.247279698124
560.8428298929658	2238.268127994394
3981.5732331028753	93.40343965691947
497.24274510808067	3294.4350352660645
2012.369106331006	2510.9706272483386
3976.3153156816707	3783.276813379319
744.6207297351792	3318.8581248661403
887.0599735571856	2476.150278661812
-147.8962209093886	1359.942101624177
3659.336115002126	583.3598151833384
4309.589349846333	88.90781137738374
897.8373362482191	1072.0722623004053
3685.1329795171487	2029.165936537296
4692.193173848052	537.4843754335503
1189.8752147946911	3706.3301221398838
850.0606734480448	2955.9841138056927
3375.1076704147536	3737.209539451185
2572.7061086479607	2235.702768240009
1875.0382107326209	2094.852667871017
4518.410764048669	1840.8681384694703
2931.680066837423	2527.122104312213
2395.010245492553	2427.9631217567453
1716.5709752953142	1155.9517605721328
964.3194224927121	1680.142855384472
49.304719611394965	2264.707126420824
1418.1947297056943	2261.3485284225703
2340.273999596133	3387.2981572049725
4289.128088170154	3580.49414645322
3716.4676088896504	2216.7232542495394
1501.0333302828049	2601.1033686492156
459.7646887129966	1226.5244683420342
1612.2501912291298	2728.907355029929
162.05582591713366	721.6485350497651
2870.6757653539917	808.4262966967748
-192.9992117976928	3672.079662933669
4405.407897339545	1468.4146116616294
2147.5467709677605	557.351238111502
1724.540001214071	2896.5219926282834
4089.7684791449783	3112.557312326315
2412.42681486448	1156.8148635011125
2208.6522982129163	2827.2203193523696
872.8450377089756	2241.755121770743
1242.2937257586855	450.82413098320285
3860.4931024394905	3288.224030725378
-109.40848038343084	1629.0560338532948
1822.702610366935	2268.876083239631
2625.5934614165885	1288.7090830803659
2900.102460145151	0.6528017115906606
3618.9155747215536	1505.5552647852937
1893.6447571746394	2897.743108136668
491.56366887719327	1434.4734079015957
3014.505785427565	1266.7711768938168
1242.4280245175173	1396.1475440511445
-370.9935867083626	3536.99029638095
2445.563565523674	1991.4927713559491
2986.6026023743725	1593.9934089861752
3689.4972870338856	183.03629414608096
2166.9004495734443	2600.009150297499
2222.5315511436875	3600.498186950274
1015.2712039581418	277.0598921523363
2452.927666039617	1345.19122353191
3886.338529732953	2043.168701584711
3168.710540134784	407.84439128072023
156.0286701692153	968.4002356769298
3076.6421653949706	2409.5615537283784
3470.7291851974096	1013.521128481785
2466.261656004561	1759.3776052773956
2149.9399898913834	378.758647384058
1740.7713271936886	1876.8683193339102
3440.026033893343	1424.0643122757256
2582.8170070487813	1103.9890749937165
421.0596682205177	2735.725572965187
4237.522252334383	1596.4404763563416
3487.415203110019	2660.6256226851665
3243.813138288197	2634.9355445260553
1468.6451871541021	1710.9825029114322
4143.536537535383	2390.926100256986
2175.8040006152346	716.1456949523352
3199.231298611437	2049.307442783694
2609.414191446963	495.32465535203977
