# turbine_x, turbine_y
3870.103689120518	3535.270357029053
3043.939038596086	1058.220478057952
4409.417665188624	1304.3935723985862
509.7350458250811	1491.692043389729
152.5374330288181	136.22952435790452
1669.3265827613886	1592.2736976412327
19.10178231603459	1442.352526899481
851.6278052424235	1712.4684582988223
1457.0803447373505	616.4177161233825
190.9821509105938	3806.7388930745597
1435.2302151175502	2039.2592672934288
4558.519953716417	1859.2397471793563
1016.7536218121163	3833.903622596127
4693.412168399968	2775.2967630516696
-148.31384896515527	3112.112099689987
2198.2494438094755	276.1447898148796
744.6973100579595	934.8132015259241
77.56363314355616	2821.8118675889896
2635.5649695025713	1259.395821718792
2567.1930571387284	3821.481998454464
3679.4317564933594	3636.2341953621712
3895.6941397414485	1217.6511124551864
2942.537845604253	25.53336675350121
2873.4845494689494	3372.4194583001354
1139.959356929584	186.3611110580719
2220.2347980868158	1675.8445203966994
2564.1731816485953	1531.1768375858144
1283.3941203555519	679.767170114439
176.9062026243968	2027.568376448475
2853.583426945823	2244.8315474105734
170.7488312522941	3627.0710301516633
3088.2612822329293	413.10484420322894
4367.885531141787	2814.0216545231356
1107.1582168344978	1934.5937151191993
4012.1207721945734	3852.2138325023975
2805.5311415277356	3768.18069640075
4897.296659811121	608.7251436144333
3603.104321860316	2034.6548088945349
1436.656218789746	3044.9646875062317
464.4803412005681	914.157390732059
1405.9637638214283	14.92152246427344
3404.4261535450846	1096.6507546268551
1026.7268401507124	3529.3581557504754
4529.044412452375	2055.449183809949
4681.210783292673	170.6011990015696
804.4500143302304	203.34285737274675
624.1038125136181	3445.944745540089
3082.907342293406	3651.0304969905137
3394.2390461862096	875.0279253490877
1198.7988011827294	1747.4500528745339
1319.4842027864465	2265.998961597892
296.4526367344857	1376.8281941849627
4477.515209640817	509.9963999880446
806.1822849870896	2144.6101945131063
3052.2642238160806	3049.627763220985
4725.080613170913	2459.443431989792
796.0435086976065	3850.6444697526435
2482.6717481277055	519.5355325652279
2152.502231356154	3847.008559640148
-250.16327391838232	3554.072276156809
4259.202832861779	687.4374267311857
1998.4467004183023	2876.557089613496
1726.8658516433732	2887.754271373927
4643.108352152509	3120.3530105285995
1576.468011321819	1287.642215302159
2032.1255907013247	2435.5572189780855
850.3441201439753	651.9330279072465
1597.30943813127	2309.734113925385
921.6911500475597	2294.3212653521828
997.7634418647083	404.91336967223725
3514.31809775711	1376.9407290120764
400.61949714718014	1062.5834836237152
2877.70493451848	946.0123180462334
971.5356144078793	2731.449757939689
798.0222858840033	2829.148298804857
1307.6624893259389	3484.1615789756975
-74.18563181702957	3259.7468398187707
25.531176676115937	707.2349039355037
1504.1543505967381	3830.3621174649834
4013.9955804331153	3399.597655221844
