# turbine_x, turbine_y
2318.3449772047998	2180.5901402190134
4421.068395765924	1307.6686658948543
-337.9350106560295	3207.4345008253617
2972.5263110798883	3871.831023930134
-340.25425616737397	3577.9361510028207
1100.4983389430568	2904.973380450948
4378.001010100807	1900.796189026484
2593.0989892980033	3866.430777629785
2493.915632324241	777.0416427943171
1415.36186346439	517.5556657424739
82.67404709781819	1046.604117443066
3744.3041727182454	1322.2519847720014
1052.874704848116	2453.0981659368476
2507.6369484502193	434.8711880770061
454.54082746500995	372.99567945400406
903.363897449287	2925.146639829859
4856.825029579653	363.22086704171954
1091.095977361627	287.0667785527996
2566.9257103969844	2232.5220225603957
67.02447771095932	3142.343087451081
3149.4147450316495	1124.9227197695443
1408.7928499570112	173.83394009696443
2699.64227587905	73.09623044685395
-8.462469726236321	2687.1492520377233
4573.410109365816	1068.5109756040508
3699.8619766061965	374.61461277278966
1758.4208474755253	833.0193165801744
178.56668248083926	3840.4977546362447
677.9247990289472	3537.543472219517
4668.819422119516	1835.1143379599487
3340.6166267838357	3822.8324276628264
-261.97513663779847	3411.184480992483
407.3713590619517	2385.3346594412355
4264.1364088514365	3675.0530624209746
2333.117943176982	2002.0806678464808
362.95063137641165	844.8506479873944
918.9442993094248	392.99778758419194
470.65946538718066	3785.3440038182075
2910.1484486498275	1242.9293355859097
1028.3679783450987	632.5897471701037
4539.319753586067	1730.7633777584338
2340.039105773224	462.620614173634
2166.1558420939473	3359.904524796463
587.86963734051	1903.8256643770346
3324.273733503851	1104.6032234635004
3369.807171471573	3480.4085362230967
1831.0386947865968	2321.9686470649267
1727.15830272568	1924.6640739917257
261.26006598061593	3345.647394027451
1721.6254418477454	2112.622622608062
2861.842424301274	2327.667438769809
619.8884406595199	1228.690409523534
1862.3292546803243	1779.27093945922
3780.6142950637773	2945.7862918400706
544.9566814173835	1436.9762142973254
2426.822594714585	3828.740526039197
2010.9382034132368	3469.5076343145315
-64.10271101572422	1288.8262281199352
2312.021799499543	40.609478389406746
3239.93723732956	1478.3717022480903
1726.814586458673	3783.8169102873703
2352.6598062711973	1639.4305461650242
1783.7017425072365	2616.7218078839483
1296.591166237382	3724.7244324918893
810.3360277796244	1707.9838429765923
398.41009127099767	651.9699337534391
4645.338366925221	2358.7071663390598
693.4595220352152	2218.4900487289115
104.44913344617042	2327.8352873141002
4792.17295524586	1031.1952377571567
618.7653739876026	957.6860608741799
115.16794651488425	2041.9674705012662
3201.8480950340036	457.60196088041647
2480.950903813003	3389.0723618934408
3318.2068576464767	2154.6930262678457
469.4250495653726	2994.347607404517
1722.448476577426	3622.416695870171
3133.57045666222	962.6319158230766
571.3962984748503	2783.959793462725
1317.3966384309338	2218.748206420999
