# turbine_x, turbine_y
2408.499552449593	3114.5805308120925
2477.4802208408164	472.0230672205014
2476.5272507363347	2583.6672080425433
3130.8673676160106	2014.8108506944332
3341.5091644954878	1309.6463910764865
4359.703413783616	818.1830755640676
2356.95821746444	3511.916412921315
3712.9251658305975	1466.7477442878212
2704.2552108299014	2939.8975285360966
565.3461922732934	111.0806489003033
352.66508312988134	886.8410842090314
2779.2690161169517	1367.9148921635356
1257.870480755092	1020.7361839750024
3340.5251404488836	1925.0205243663138
3639.664352132467	802.6062552280246
2607.7325436711535	978.9531006512492
4788.235875617204	1419.1591384606675
547.460786968511	1517.2214656605272
1070.5004664603618	345.1057092525263
38.986821110153144	3667.090029483035
900.878224553793	1754.227014310085
1975.5653559190866	2542.428130673611
3143.2643737309595	3518.4254921104584
1358.5211292457889	3601.0806674885093
4266.685409714591	3778.4918895824385
1428.9506634136376	1085.8054954476431
2366.1238592659925	1629.688716272427
378.07617333110187	3866.1858197471797
2332.206378320672	1883.7771489928452
440.2346280401307	1940.5362276978121
2412.383333616695	2765.6142591399366
3004.825726611827	1696.8808380551145
4790.200653688243	675.2239039229737
-22.955433142059725	2655.5470337635998
4489.062374844552	3321.973739118554
4496.341013477977	2656.237338866342
2235.8770724938695	2966.7707044213516
-173.85376440939967	1780.2554025438806
405.9908836742615	2372.7693204382554
2532.719265551952	3701.3576520761703
670.349297531703	2854.3157386963917
4443.095392206983	1529.078252014357
2434.640814715207	3287.8242555711345
1068.3828261587898	3477.850561526303
662.0120348245279	396.61802956803297
1284.8181008036265	515.8773825925524
1630.5315479502217	1368.2682825678978
2548.3362429536865	774.9526770729626
815.586221591677	3701.1241567925426
815.0998129835104	3538.8321818777476
4102.318378776605	3759.4287393053223
3898.173242144601	774.0043570815728
3638.678741486436	1920.0547246023139
2017.528689502725	2778.2660909028687
190.3115007390702	2237.0137938868456
2328.613630130557	2150.149496344693
4500.192880447065	2115.86243456437
4018.1598544002936	1947.3617778300588
3239.590201050543	1724.7937932637135
1000.6806307478731	1072.8958856240708
-25.169936218052335	1604.3131610297346
3952.15389440513	1118.4901418165168
200.51417108173348	3009.355724538444
1565.0217944183164	2096.2137342821015
3791.0325022669545	3283.386793660644
2061.458148254875	1827.6365528533897
1658.17383700035	3402.680487808728
2810.430104683852	503.44954573243274
972.7544557730632	2233.007390033943
118.16417815070768	3283.05092203396
2767.4329422584265	3304.1483529536567
1114.0205555943849	50.079291545710696
-388.33704532499587	3730.298454652522
4606.432369334715	1852.5024121025406
1975.617657843319	402.0643258970768
4231.846756786684	3256.0122827431333
4076.733259177156	2345.219312608876
425.2549011314636	3424.622332751431
2920.382091169315	2127.659382803095
3141.0340808673263	3037.302504459095
