# turbine_x, turbine_y
3530.7695043987146	7.602177292948358
3655.7514561731587	2816.957155465902
-16.257695869738736	1925.1002339105612
867.6369006834024	750.4097477230146
15.838343495824939	2770.2535668569985
1877.6920725217667	2681.350418153989
2103.5723064306962	3039.222965093791
3151.5134568795106	1677.914338296202
559.2740752351139	3673.953201986987
4052.2326448736576	576.9850600811855
1697.3018504863137	326.6732942228746
523.4121868114244	1628.9873191441438
4570.081611280259	1060.9112724887646
1476.9923297472333	2730.29791943141
2633.4607013367104	139.8645322532619
1679.547923841347	932.8300569027347
718.0483684903653	311.90798132787006
2798.2649920626186	3808.873764671885
3648.0073727648632	2423.982979954544
667.5164005273782	884.527472132986
1558.9160103504366	3318.294473866166
2181.2094723981986	7.2878241263244545
3858.8472508978866	2825.5923733958807
4448.681801513407	3298.3264847178875
2989.313519591055	3344.20824082373
90.61630388696054	972.9978360889702
2699.154148713197	3305.587486518672
3035.069970121005	1060.3920024387646
3916.6603482837227	2169.5993427682365
3093.812418402976	2846.5547594323602
3311.0778418407494	3389.1465713407574
4048.145314539234	3741.3308201820814
-263.6158842499435	2448.923633368952
2399.867304497109	3867.93310926788
1690.6091754125787	2077.1231370017617
117.7770021791502	3285.4045970943307
-215.03006935525556	2606.9953233481806
4294.463209155734	1720.60309357561
3265.7884269248793	1922.394326234066
2191.2789468517785	2791.605483091057
2040.9783964165679	3386.0897197275513
3552.03648728334	2079.1544579560314
3159.223265036792	414.8163996973409
-417.4625600650683	3430.3557874477383
2876.966449206962	1872.0069196098814
2881.05993278803	1177.6052867524256
3746.75199952355	3671.994091641588
988.1831878435164	3769.5313007962573
2223.148112150967	1777.1762580329307
281.377975063991	1100.6710884546642
292.48339863390595	757.151010578012
4389.0367647355415	2162.357122427834
585.2221530867685	2880.152145549712
4847.497717937633	459.33810844885926
3632.5876595264763	3814.7662450491875
444.83540098825074	198.1851356907461
3725.7216471189304	3299.35459513884
3625.665024048884	557.0750237907515
4164.84391896602	3484.767114817991
3171.2380939519285	3691.3996657944367
486.333707342688	3182.802163139877
999.219682628628	215.18440347791787
3908.022455599289	1418.2575756744725
971.3269324500267	1206.4185324778307
4485.368218508521	1997.579218634726
3297.8521488976585	801.1694611873725
2488.2341455653736	2361.348471455727
-100.80657327810228	1188.5319612362896
1469.886817222384	35.706999334015265
1144.2596721533196	1612.9999673220398
3703.763119070888	1812.3752230007706
2375.1643548712896	3561.4432820772718
92.70924967471106	2974.604297682198
3229.284548989601	255.30912952341436
577.0806284772715	1973.6020626034008
3739.874123101502	2196.892743778938
4396.657388156613	3105.4613083753006
-289.6784704607627	3229.6883794661094
1263.8960084467685	1088.1956479790535
3847.679264276853	789.5729365198521
