# turbine_x, turbine_y
1181.4063657143347	770.4751577798028
4773.199194513904	1780.2765105295264
2199.111452604217	3819.1788511195964
2434.5621364747694	3370.5666916338564
4570.236499451944	485.6378473200729
320.7886407262534	2747.202496928199
2465.765831973983	2244.0337542295492
3928.069390050295	2741.150481245071
3771.6049671307987	1783.3575028621906
2248.646091618471	1536.5164310650116
2242.6829180596396	3520.0537502870334
-191.08098904940823	3277.32426188886
4537.341436875695	3345.763764181184
2059.0529049033503	32.56042379891085
1976.8370014694194	1481.7852743723547
904.676809382811	936.3910978863129
2104.2951377664717	3372.2620337881403
3774.294848600847	2298.6913918416126
1815.4828530644304	557.950680394422
3713.7536754830157	229.85354658765843
552.8127319999245	3423.2259353455083
1044.3567834529395	1694.211818091788
-383.08049778952386	3801.431098445034
893.4151865060061	1288.49663378981
4504.358008224615	751.4303676641046
3676.1236252245644	1473.1137946059039
1332.760200633228	3549.209277344043
4713.03504077239	2542.3901420162238
1654.195284969485	877.7799513025011
3093.8795105249837	1098.144950199991
3008.530611912539	2840.121863355946
269.04032793640584	2190.6918849765866
3576.219421742172	2743.127629340399
4326.195751085398	2500.8579678418187
450.5282779546297	1352.2097799444055
2856.7522466734104	2185.1060869875378
3895.0740653313155	1239.6718463750208
372.22126771358825	30.915005751179038
1110.0859700505573	2402.3185992216963
4002.7118934663995	971.9452432736095
1440.5584861728107	202.2179915979907
1761.1692612999252	2482.2359859470926
4319.8040515364955	208.11675536910568
1144.0831519218334	1864.26450572048
1431.974688330802	1654.3482420909627
2412.0148645559434	2869.1365938947733
2711.982053278408	2672.4376936916997
649.0545045974606	2010.5815546026508
810.1988563141362	2511.7670457458203
2744.2994490116134	200.0418207483803
4465.623904520661	1070.0866175711615
3895.46735658061	3633.9552445358677
4065.9938374304697	2037.4414290773348
3164.5803350423157	41.20699609536212
1346.4771483568218	1821.6481617044005
3496.4812793332394	994.7356546031339
958.6151090362499	3606.13708552412
654.7902843295717	654.7484200485834
4025.9381533180895	472.8656635496733
506.43575496946005	2237.6994579086786
1056.15610764672	3342.963280779938
4355.861221486645	3733.595297779395
1454.1714721298852	2892.229397953714
4771.410046675942	1307.8200292638373
675.2238996306035	1570.9758794411364
1116.2361067774348	2682.9824105814005
5006.709076354973	149.52396431548095
1863.3333626321623	3373.4432972955087
1318.8638869811114	1430.559701612117
2015.3274992935244	2566.7206266890526
2913.420711378043	286.4436432841694
2685.93436822841	3560.355903986342
1340.9018827894486	2598.3678264898867
3979.895610967645	3774.0357222914204
3341.3873047890397	2299.6739654189264
2207.897792908522	1958.2449652523699
1381.2489673369794	443.1256957641235
3610.369782953387	1943.0914123534983
4706.18612306313	111.69968648233485
3316.309318141154	1794.5646392768551
