# turbine_x, turbine_y
-4.358084873778259	2076.101509600875
-16.27779270056946	2320.7903563949176
3194.258692411114	593.6824484924506
473.15677937491904	3158.234028721118
1986.3139343344928	1716.605065991685
2610.7646414740884	1998.8431553692599
-42.7975468019793	1667.8862419070801
3572.5412677888157	3300.567526796711
3283.013071826719	1552.5269399646618
2567.111438181597	1630.8547212242236
2474.2824046340334	93.22152054080458
230.63430446061233	3665.9113313035923
4347.474088412447	2429.4851702546343
3335.334243185578	846.0788853078178
3118.65679082143	2545.6928590703
792.200310580133	3594.549983275628
3521.94353925989	1038.8214985025832
3152.2787845329763	3193.0414226026987
2291.3476506565703	1672.1607793012647
877.6650256402705	99.45651363938342
323.47488303980987	2854.7146265603687
628.8082546509467	3876.002494082242
117.14424047414157	1073.962685302905
1431.054685947824	970.3220383218583
4916.717633192218	950.3912751719266
739.5523851615607	2903.7808187819414
4734.813662013519	925.903743395363
1561.0191765054112	434.6503045466068
4422.464171013969	3229.7694513814445
748.8391668289238	1420.3829737408882
2157.6361423456647	834.3755043297042
3541.888187016862	223.51247148710203
1597.6990724180296	2.1810967463987136
31.788656394279208	2656.2248070171613
2890.3133074080893	3531.3942313709435
4344.120334117167	405.9227086354216
2415.8521405422644	549.1179524476232
736.9701520829909	2228.9730633581526
1317.7020183523002	2244.2327035650155
3366.975558803506	3495.2593316462335
1749.0050023471897	3159.9246890552627
4318.7387024232075	3733.4437045119694
1063.3494928244638	2915.4706750335504
-127.9044041481802	1831.3264423632402
3351.9976708314994	1899.8999417173782
831.8709562396498	387.54735942822293
1607.1794865565314	1383.0225492313996
1925.2423585254637	1354.8218227006676
3747.1795308723003	1336.3916799996541
-2.701815603177896	2891.1283604299215
638.9399786731875	3690.601637936578
839.3920703457566	667.8954165000905
2642.325731931149	2315.1352201227196
4897.015552404527	465.93595275572187
2312.7264517037893	1137.7369824447742
1700.055447110996	2978.929756154137
2541.4845881188635	1137.4458288242538
2929.6463845696367	312.0902764673393
1753.5258474151458	127.41606197492905
4615.624946450936	403.4080130413859
-70.11130213357457	3190.1287103219806
4403.042751398198	1002.3150253559818
4133.391794385275	322.9166881528643
3431.1279986047766	1222.557050452327
1855.584753125955	790.5464253352242
2243.0177569276702	1978.3603664741968
1011.9847578363414	2507.768308020813
4358.722200701022	2867.970335855203
472.9654556356416	3534.278486600511
2343.6196377066267	2242.5409871678557
3434.9183366077086	3765.0948513190806
3273.850294860426	3774.0036300039283
3716.793747247049	1615.2459783772442
470.2765559026634	857.7973906470888
4565.16522684569	2202.1302118281938
1177.4961894241449	1964.1555616933651
4562.378849429002	1891.6050012265534
4808.569967900146	1078.345560702774
2891.300967060779	2571.890902628794
2295.645512381764	921.9910701936878
