# turbine_x, turbine_y
3497.4290424660708	3542.2654304668736
398.49205471272984	2400.273247680516
25.234442841045638	1693.368036773621
895.3820035735015	3483.9355408640636
2627.1139248804043	177.61920975621683
3374.0593374095033	1069.2884923514023
4720.247103485188	1923.6940898546109
398.8706123212642	2684.691877180366
3098.182781777857	491.80491924624596
1300.2483053771523	1496.7208840788767
4526.383948526618	1057.8287474216515
4359.692610801434	2473.174784952503
1380.5658477137804	1142.9785385964647
411.24231051277064	3188.7810110122255
4778.6853748786925	2123.1930326017036
1476.4858207045006	3150.8132275589387
2152.70893986324	3281.606189319976
557.159715255365	380.09575957516296
186.07382773077086	343.03142541533646
985.3597746644333	2148.579396278936
4232.568530924579	2857.8379632479573
3472.7352302766863	3784.262698364586
3359.8961934067606	3015.0773641054448
2970.0435577460257	1066.399743815917
1154.986311247091	3517.941527258031
835.3404009261739	1540.8698002731646
3586.3344491916278	1088.841937659074
838.5491995812434	3638.5348715755695
441.0499154486377	214.33685418216677
2468.3418814727365	2174.450160521194
191.3733976664796	1718.3389904990859
1147.4585112624954	190.64495405926652
-286.00953384207804	2607.6371481399397
2603.3933390819575	984.5235626787054
2270.993192393652	3516.2197231239543
1924.659545105356	2916.4517874257326
2033.9353486083453	2192.5026951098234
3017.8482738456837	3647.2136651607416
-270.8875698110407	3426.2198724272703
4474.626858687571	3091.436206439
832.7242106451105	3882.2467210286554
3058.6746879565203	2520.2423591324596
3004.9773728716445	1346.3020466116052
192.49114859593232	2677.633755976421
1128.3107914003524	1532.22884656932
4128.474611975947	3172.9269031401827
523.8393812369507	880.157095874434
2182.592689311355	505.6334196683633
4211.117234050732	3656.595441802748
1497.4770205887694	2178.117852789619
146.0134674713232	92.21955554019917
4330.539698418205	3494.053622169872
-128.667368910608	3713.1283119393934
1802.9045449523287	243.30503425495672
640.1633860771757	177.66099175623518
2852.7979229720686	891.3202225238763
3505.4447675994115	2637.188028845238
4061.650668554397	847.2306423100181
1113.7856771477848	1779.1236891399974
764.6870123942978	794.61436526469
1374.4723391805642	3596.088307357923
822.7112003562959	466.7671669781973
3693.9044718974233	2441.9541729292614
1750.3255212080098	2073.7827993477476
1208.9398346213563	3685.552275833084
3345.5497070227093	377.2706161289483
3023.6464872705483	194.01546899006678
4774.655968744401	577.9048377497106
4092.5448502630024	1350.649187543867
3171.725787446923	3200.5971402692508
3046.166975257809	2755.3470630085594
835.631216602321	2270.107185411902
4485.859790882412	3309.707676333167
-65.88805251967567	814.4203015638672
2484.250142215647	556.1690467585203
3191.664753073639	1596.5574753410006
1603.1671691435724	3663.0855660605002
2460.067104237359	756.0220700691586
2186.5961754670734	1922.3388927402548
765.2640055467282	302.10369635248094
