# turbine_x, turbine_y
3018.8177897109285	3352.353801888498
4300.95032448658	1532.429959290001
4061.250964756829	1252.8852889672448
1869.8835886334755	1705.3145949217865
3189.771075408054	861.5281814651502
4652.336433515522	2500.535178525795
3143.2140418104505	2768.158304184375
994.8802874472775	3655.371642568483
3321.659760875549	698.6685621958088
372.44436094947025	3168.9044187969193
1116.940259691239	3391.3101445744283
-147.16795469264915	2890.9043953171995
617.401233787264	1952.405068562747
756.477042362347	437.00449806853715
2651.4355939874217	1107.642044461954
4113.465710480806	524.860370570503
519.2786969985173	924.8011329650523
2226.845258561662	3191.6606585135683
1245.0094222708706	2972.717455542983
3572.623937493441	2947.4506997883186
1173.649990100798	2236.246003280685
3862.3277359131876	844.4484379032021
2196.9742651020065	1903.553632917542
257.33484692899236	819.0749422498845
3635.509089897364	127.87012086613358
2194.2322160798417	254.91795772824182
1039.76800776697	795.864719474459
1350.0433646036192	3403.7438556799275
4305.031632939403	3772.8553826011425
143.7075908202728	187.05358509784213
4355.218578801342	2005.4159548561313
3867.2787479625276	3869.613835459091
4612.07843486	2131.645197568713
4909.385882592115	901.024845677028
4481.866329972043	3191.469150194706
297.49446714382054	1691.6928382160497
4376.545931943833	1793.0690139741691
2898.5231065499247	3809.4651286721687
933.3366052409409	123.99109674424933
-120.99053762240146	2409.6147875486654
487.984932223968	84.1713937718964
-171.60588881593256	1808.710909452993
1411.3618853165217	1741.9991957827801
5021.560469145189	-1.5318939746616362
-70.5723622884508	2742.4128550105734
-6.320349389368414	3012.212455877417
3949.4061642395727	2522.743792672304
832.1308985183697	1609.4739782008542
2487.104846537393	1550.440272031019
3160.7149979662818	117.03995363400078
3441.039771971601	2774.6945033534967
3296.304855020372	1848.216808277903
4791.196406929914	1232.0975494622965
308.25097420949896	517.8853685316559
1901.4823268012688	3309.008853618653
1182.2343695410766	2733.8114376922017
-135.07127030920267	1183.3597947920725
2032.2873250818013	603.6285173023632
2222.543847670164	1510.3495685536923
-203.51234097642816	3852.8937009175693
-8.352095051098193	728.1601517533575
182.44786609723337	2224.413181428008
2581.761349882322	831.860651266847
1471.4336930869347	1481.4873890902338
827.3245701385171	3586.6291313487973
1432.8798628397515	2859.854406485419
2671.8609248623898	603.9351746692929
513.4318992158302	2855.382642873668
4672.393674218954	585.5928298159212
3522.105951649171	1738.2491868954496
2854.6115578471276	1669.9972733612021
4238.698186019061	3018.981282219053
2281.10437251124	2422.637661634829
3866.1195626223507	1650.0995362335889
3444.0144528133005	3050.4867885182553
2962.1021354771	1817.8821148651023
1744.4289659734413	2784.674373548531
1324.9263849956262	1167.0877493130386
4410.878243407321	48.206185908419926
968.9241821734973	2895.723959053968
