# turbine_x, turbine_y
3298.513097224239	2802.9024774088407
4351.737849679029	1527.9700027427593
2130.294703290142	1062.5449055527483
775.0759928685497	3251.650145571556
1305.9412096294925	1898.0989816054994
3584.4312278982607	2890.7570812296813
3844.0276658405214	1495.2445326887598
1894.3484654325641	1985.2096261279482
1680.4652093351772	632.1593089931903
2382.7243039414484	1570.0153759644706
4712.475966473525	1747.2731396414308
3267.5469231258576	3487.10960717076
3875.1127674732993	1032.566625412124
91.11131495870495	1936.4006016083574
3677.4691967938284	3202.257861047631
1452.1991630582947	3460.0244664722404
1863.9265233213455	874.6255229733905
2303.797705295648	2230.2651635363245
3197.2057174150414	1062.0269889916872
309.0134658953425	1058.3156736578994
3978.7481307941434	230.30344548528637
3045.500684156921	83.71279573332805
-283.56174609590806	3840.0468371067113
604.9775080612461	2844.3831310110622
2125.692408747574	650.5424217481383
1562.796342215217	1119.1268108070792
4704.051349463657	214.27086378212036
4004.4269636077006	780.3057003133982
696.0215861408878	3781.430336894291
588.4857827729204	444.6289918569216
1804.0638759015283	1604.5045268849055
1491.5372883778348	85.69924482633486
138.92796039932244	3505.8309829838936
3133.8563489349413	3636.773007953498
2770.5452838204114	3564.24706995722
4748.089345435267	1298.3142093814533
227.84452428824727	816.8545922040978
3992.5100410681084	2502.7035388928925
4240.440887595964	423.7105536370309
4420.631431327368	1322.962360798963
385.8521026856752	271.59051568081054
2681.634430406845	3221.28565647694
1458.709636640521	3107.1982289267494
3699.0509610296685	3843.6912290470227
3246.6137837985793	785.7517949795782
4090.4840743562645	1426.6113966129471
1621.7339654818713	3357.785895632261
-11.678390110465537	2800.588427289673
41.8736520553426	19.02778855376475
4754.189893702873	1918.0097496376834
4251.384852197776	2210.5233231110597
495.2709571052737	2345.285835549934
3601.442315516078	240.82811808964775
4323.532467605211	3232.1657383115726
4207.694916650137	3347.341716758161
3233.533483273227	3113.509257738516
2034.569535006764	3581.3326460613953
1012.9974153770135	3733.0044153809727
3987.2246552390916	2240.281220107474
1246.057665956811	1014.6623884887229
2014.6806835281159	1681.5892937662593
1257.602445035572	1501.5828950375358
3879.2856909085444	459.24302305099957
1736.869274880734	3232.210935758558
2138.511459637857	2573.1631220365202
3619.0788503211343	2207.643078300355
2060.4536790707944	2837.7032375167137
4484.604932627549	3687.656851377602
1077.3569464110308	2287.2593382925616
3375.9609183687753	3703.861425299772
1003.4669269095591	2065.400783703535
186.53429133803056	2294.1031790712013
3425.38104430803	1935.8094114399928
1396.0726848086438	2596.404701933698
1889.1854120331245	2856.178270766899
3357.1810026626877	3261.7956140837373
3112.8139626925563	1527.4514902379137
2060.203550358478	2131.7106068466983
3450.056369993514	3418.50988283551
4406.855141954599	551.161556228871
