# turbine_x, turbine_y
540.4415049618009	477.89506364027164
903.1790440883558	2155.8770730918695
1514.3982556519918	2493.0380489438317
-69.9956348273663	1297.0515075254061
3792.09726497385	3708.4523485362556
4266.884994475589	54.723695289490095
25.77249208874147	2536.6477969424723
4231.383792376497	1066.7233724161276
277.85319758457035	3417.4384601639936
4065.7205848049766	1803.1166340536756
1468.0814340946272	1407.5185300590128
2067.834556373339	3809.391183758552
2747.7489822799366	1434.3129317254961
2810.694410940399	2000.101640993872
4740.271505975145	1446.7454172785071
962.9139648310909	670.3454859481893
3264.8534605675372	3044.5625645001805
1254.3741025409392	2748.802702068815
1012.7856865381332	3497.6226622746235
4105.083603698712	3596.364627388542
1978.9329776614763	93.14964961644723
3622.050567476649	2375.496195951122
361.2144787173451	3652.7382799175157
1253.8684395733699	1732.7271287091476
1824.3815760494883	3856.544094522242
1582.4428017272978	2192.1093573310486
2673.5834891348745	887.2039653550935
4333.855052461193	849.6716851100687
2678.2964708319178	1720.3332170789092
404.9667900904136	2757.853628527505
3727.0200036064443	1145.7857115224458
3105.9102502524547	2597.5805039837614
2401.97286853621	2202.7204080788347
-0.6821784034501951	1651.8311829223333
2801.6122791131243	3719.6763402060087
2467.9437264729404	2661.0741747291313
4727.612902765201	630.9678491574635
4613.438781981952	1600.0465161797088
3272.5203456764293	910.0095182192869
3676.8677034255525	1977.1294051635875
-139.01196309325596	3719.962792229775
2743.034547717782	2613.289324133821
611.9469195700742	135.48419032223973
4175.893661900991	2504.7066367665607
4509.463751755512	1908.7957892588443
4170.172568182602	1317.042974763614
3415.357171256343	449.7590341267305
3668.7816356462763	3099.7263470361754
-177.94534280550334	2384.8069086809733
-21.542320091827953	777.1158814432587
3909.2809831166187	486.56408363374493
4510.13220091542	1352.3313610735072
1624.5746407651618	457.1697768829398
3495.6453768216256	706.2250679221307
925.234865317413	836.3404824670107
311.7607021740649	272.1810591320299
4831.628751967464	985.4528764844081
4096.587957185298	246.881637358326
1548.7434801217426	2989.476380736388
3871.90238580644	2787.9081010545424
2753.187353858774	3101.119789889631
4281.9730013688695	2094.3438336447234
1634.297257554699	1680.363058660761
665.4043755397676	2860.863567796882
3766.7629752401726	79.48950154952885
4612.003124475166	2886.4559229178058
4288.171295119772	272.33763871184635
1868.6690461940677	285.11368069515464
1771.4575129171335	1333.6827214357543
555.5837083809861	2290.903679236884
2605.2145599518444	602.1886584327312
4293.1339143912255	1468.2645339168432
3967.076903894114	2622.3328562062725
2651.969633584539	3491.5313110518314
2098.867377870233	534.7097857071788
4138.429066321775	3037.210644561478
1734.897059405848	2351.4447058643486
4.021268977144174	3169.419954060242
3918.7122388479047	2972.992183518411
3909.641180684619	1494.7062537978643
