# turbine_x, turbine_y
1930.3155635531243	3400.009216612447
3353.7554374070805	1523.1514056546898
4084.69313768508	3105.093144625438
4260.902246287265	433.52232666053806
296.483337358502	966.556416410655
683.3750364933439	1455.631560779575
-82.39281665813776	1085.373031890201
1829.1030672258762	2658.7442198586614
4559.027620098432	1282.391526245916
1178.8201670080018	2541.3072494808
2850.2082624350687	3110.6369228062504
2995.876773622699	888.2660847087549
1417.257615995553	-0.5797000094093201
3419.9104291142257	2357.1117104423074
2109.3234972794244	1776.5573894481076
851.4962034755763	3737.2712754317504
3487.503746030271	1056.4542550461217
398.9628583136113	2506.045189796489
223.5642448108171	3049.7642472357406
1493.2540109804804	3036.2297765376243
493.76901064552146	1224.7321812028958
2921.744626178442	239.17710513853217
759.142295956426	351.48259208181236
1972.2115337320888	3703.0918342002515
3384.178801703884	932.4626932246565
3607.0545448714793	829.2853031577946
3469.7321015600883	3033.888873454565
4753.884649146893	343.4566966579344
1155.6414835164512	3488.8081854567617
2733.2097654200375	307.51973481100293
2548.0969905710217	365.3897344070616
774.063565194753	879.8316140524635
-49.88651714986686	3354.3652853914273
4894.429964330682	1130.5884477095256
1125.672008019087	2699.7582468386568
4497.934343745135	1677.8934335683675
4103.632234147995	1172.7666859775443
3909.541143546446	3363.527176835488
2339.845976268259	2640.230034425797
3510.5069215605963	99.19784705851568
3788.4030167023275	3820.1188663944486
4535.799109601613	749.7617274502634
138.78727926264864	470.07821918065844
1252.6398381425643	1628.794158349762
4186.005649470825	2212.4791035845856
541.1482050506411	1802.098678807743
3480.866740188774	554.9687608879968
3690.021959829417	3074.0766546767213
3403.2458727987973	3821.8202424218703
3689.5581144449384	2501.4767365167145
1483.989280167124	1396.2148808586412
458.8506130230262	596.2859332051568
2062.424464795549	3522.362086978056
1584.5026899015113	2589.2948061307916
2631.450327980513	3779.3785739529458
140.69148245456518	1808.6930093195672
4802.955050056702	1729.19244357828
4663.442567189068	2375.7192860450587
3775.9891091538575	1739.5152668703413
605.4784638686708	7.478484623152895
889.5936122449059	2382.289883625469
227.84075113229315	2862.782945598881
-20.29630387642399	876.5468673019485
8.147181428778802	2534.3545116651558
1596.9785272216857	3190.8519125023395
4083.574522112468	35.38506712499371
265.4753644452995	1954.4420581102227
2519.4306055009324	1236.5391913402466
3744.651076413006	1558.422949521885
3022.1875647743395	518.3522544377066
590.8809872674877	3487.72696317456
3866.4924120683945	129.9641604905401
1174.6940344333987	3728.525274560447
1076.8278300228826	2328.110315836448
-307.239922727625	3053.588959543465
1966.4648723400392	726.6503305499788
3915.106112410205	830.4888500743414
781.9022193165258	3231.240349939656
2472.9522559931133	3083.4230137578097
532.4715645833775	3293.1441338150958
