# turbine_x, turbine_y
227.1206998939012	2213.5446386096714
4274.311171141294	2919.612010264869
2509.8008069764437	1692.4551931202498
1780.627732510186	3719.4396362198504
1990.8660343475763	3391.798600360431
2651.4596377927282	2833.118510145235
617.6187841533438	1616.812895677167
1044.8352524232148	991.8294006313068
4249.8455430576405	1797.4149637767514
3658.0256060360753	2225.2964401450763
4461.241542011123	1665.2286449327516
857.6532441269042	2792.4051333791613
4133.451506012115	3416.2270151938897
2727.4490460144425	2281.205928706666
3224.2717164119586	2383.99171165634
254.89571695504114	3292.794946672206
4527.588330451806	2594.813844778011
4217.627784049621	86.51929351812811
3966.4585639553134	1551.4347759551772
4820.873811571021	1182.3294112788612
1257.7232295538217	1323.5253269772622
1603.8890659985714	860.1862000037352
1295.748202256837	2777.955537347694
3849.553024763129	2986.3043219967562
1050.2237315790971	2371.1398214717374
669.1088522077255	2545.2795412898686
3405.798955027876	398.4081856639706
1582.8632787171448	2671.8735042823455
3383.6474964168824	3018.2894457192
2594.0633744621628	1539.673244289581
3544.7053669742736	1955.9551389786172
2381.256326204818	1255.1618551647275
4955.80500039957	207.0784570429263
3389.3143405610203	973.2403192286217
1569.0887923134092	487.41307944539733
2870.765402772479	2624.9979259644615
668.5284116147858	682.6746848281558
2110.809569903644	1955.0698198323198
1744.5574101184955	1281.7026277710524
2638.635708150669	2032.724724371604
4177.128037296584	3852.4450075779487
4661.584718416849	1204.0290546138224
878.2583379179597	1368.7683201565014
3729.850450362008	1653.3321366529408
-350.59817518802174	3592.087607931244
654.8588286613655	428.6224794010385
1269.7341500013154	236.52745640903353
2839.049767154498	2868.9934896236223
3359.7492990225824	2786.804106663545
2872.4500516943344	28.129291687048045
4370.842300298319	3092.1733905252336
20.286351889144637	527.4937571578488
926.7700025602412	2099.9762293200843
4549.816562465841	2379.294668650658
751.139127256752	914.3592343269215
1030.808941989969	3448.409833646969
3048.999522771221	2256.0896658527545
3186.3948065524355	1207.4005122921262
1669.63189416388	1561.673434165786
939.1318613619014	1738.694642209771
2151.390261257277	2642.742015693266
3727.698991678717	214.13866808852524
384.62289559031467	2040.532185774153
-114.30881932745056	2942.4448687377853
4466.526498384886	812.7011557939371
2350.8802750295495	732.2135315704656
4064.2650074484736	2499.7833380244524
125.45779686969134	1658.491533998462
239.77373269943004	746.249075204316
2579.396640344485	3133.0067951027845
2575.009335300098	2646.4469335129506
4503.512493687646	3546.9201458370785
4368.597363199607	1921.7959605597896
-3.1970690037885694	1228.3606265542392
4743.967479787984	938.3645926965529
4415.037160691731	1151.48931779198
404.542306416234	3180.117096434552
1471.8102477556386	2793.6245349123956
3949.9643906641786	3706.078220251292
4079.8548122333737	2704.822269162315
