# turbine_x, turbine_y
2238.6798321779925	1816.68224780429
1517.2073376301144	603.3374550530073
2315.550229533743	3666.754271193744
4758.00510476301	428.0090998179675
3210.822869926284	525.2983202547384
7.183306580882243	278.6744214525458
-206.02470262959366	2989.4090590812707
2160.1366580088184	3112.6946720380865
309.75376226466267	2977.815523908878
2763.1084473960277	306.080589101637
3554.2918430534673	589.201536981726
2638.0254388402013	1987.9610490413497
13.187395541014737	1537.8867199932108
4197.591754493721	2920.1546663248246
174.67154968567698	1014.1287532082467
2616.254562337932	2386.1475639820965
3569.608796099994	3881.8502976779923
4673.629137279335	265.9666007712012
1270.2743702289106	1863.4985124449438
1990.941226808456	2972.241537856167
794.519625266789	1352.5840410955195
2864.7441962395324	160.74868831984014
2121.642717232898	844.5527823053081
2330.9548626436062	3155.720956511375
920.1114837257237	3497.44301866935
4546.989448579085	1831.1731995716034
1233.638437264815	3593.0861966814173
1246.7205067222446	2428.8935606278696
4277.3812236900285	3175.3790640559428
1735.8520120238998	2188.076703829259
2721.72206779205	1261.1932727309509
1595.9534154964504	21.2664845059475
-402.62714647714597	3848.051864708639
2927.3068013460797	1843.8220323646847
3104.9285353154364	1252.0106616785213
268.4474844803909	3543.6696425787522
1225.7929404920812	854.3444841998003
4423.613004975273	3403.9701199387036
3341.545793274448	1805.6948359147798
3993.436063776995	2709.4892104818846
3462.2430764084165	2341.724288731028
345.6987521791693	2063.981630593359
4389.303145372732	1281.4642365122095
4571.765703808139	132.7692371203507
3191.6983476187434	1720.525553600458
1316.846203345221	3863.173470236684
4566.622189134341	3668.058548600703
3600.710132393691	1361.063103952235
2308.4802844069177	2307.293447092557
2164.7420031623287	1044.1794790366455
516.6123811073475	2632.242250334336
3519.0707428095775	3379.4403167438572
2847.9033687023634	624.5417802690869
-129.72915444673623	2427.6310254316395
1370.9368599588	1278.7984242750854
2243.101857531118	2125.4576942378635
1069.809168890444	3792.913131866543
400.4671432761202	1385.5611849566787
1091.5951289164127	2241.876970428451
4192.878335878651	1410.1850037937788
1548.132171544557	2533.72559740627
1771.4879978899928	1792.7890878598896
805.7618656661174	1147.4035480979774
82.84196504590759	1856.3352264421871
1100.612003136741	416.86119495964465
-109.20520082955088	1155.844087521384
2586.313823726692	1522.4623003914878
373.16968964242506	891.2702008905168
2717.472979202789	3385.923322185831
4805.360414759538	1282.353030462486
3141.7208861639556	3850.4052384131505
1792.4304703613718	862.5699468532044
2130.941146065497	1587.261553883714
1082.5536849333266	3123.4609066571848
1269.5613001842498	2946.950318974053
670.9100580460045	126.398546881307
3033.40717173516	749.3664559021204
1679.0006379674358	2342.303493859538
2119.497519891653	14.090197190611612
4029.5395796943085	1842.5482095637842
