# turbine_x, turbine_y
1055.7814317935633	2393.307767330712
59.263559900007536	709.4174729979139
4773.8767047883775	910.2972352903973
1019.3301496506542	2823.7188100788917
3799.778520303455	257.99708979743195
3190.6789123166236	961.8102796996594
1398.8774733362436	1326.3530020187188
4575.640581407248	1137.640795460495
3758.1933679044037	2753.423633157125
2336.318226211789	2421.8303336335903
4524.725289437691	3599.4464035725864
4060.6132624185207	2247.3722681438426
562.0614737688318	3020.084018253052
4734.3965120083085	1902.217305605916
3198.507521650537	3661.2933078241804
3429.693359470285	1115.0815004972555
1875.4889505285878	2340.007233503211
4353.96851166955	1316.419945438445
570.563271790642	2484.5037208356052
1047.5546215092663	1332.3763794692047
3957.6146690325068	1911.9023788801308
2324.599296070331	1081.4011740426774
2320.031642763122	2119.8682722232234
1366.2911914670588	3670.5924828920397
3094.5351275716475	1270.5747741859611
801.3098656013065	1111.0599993118772
2460.389045734133	3611.9650394972286
2275.459641247672	2909.1370530127388
2595.8539057704133	935.5983256600572
532.2562774345189	2240.209317630166
3933.3122435690775	2885.934928191926
-45.59559170857653	1628.7920352306953
1212.6465613483103	2602.8025483014403
1420.4571063180192	2584.634294447298
1759.922712070562	487.6193845127597
848.2324182246981	884.3429760630529
-8.493881764201737	2014.963063390701
3069.193883344354	2409.781948686553
1581.6702544592342	3854.074301638482
2888.5768878351373	2189.8334911831275
4813.661137137758	1092.9235216631012
2920.819796634791	3078.3203777836475
3708.1411687787563	815.3931647632983
1097.0487309158777	449.7721236660609
1289.1274941737063	2012.6954203431192
285.27579832273756	3183.77230147195
2928.1052537483993	3774.374119921225
1.1725222186737043	2943.592054475124
1934.1520412813366	1722.2635035853345
465.5021748697165	3604.4938147978214
1036.1942917110944	939.0402696249532
2878.046531171774	2785.1371826769596
3841.720242190425	3552.5649739744244
1294.0191511860735	1665.8625707633985
1099.7231522187944	3644.5073696432746
4038.4994977520664	3883.4455808620164
590.1687040379497	1639.3256017337853
4022.244532166646	3444.6473285168454
2278.1479039699984	3286.373005669657
4107.333574956791	2402.381383591164
2242.5266268926307	1526.2665292984477
4890.595077518991	130.99767048845192
2884.222791677936	1664.2179634278775
2047.635542059597	1370.9988987975926
2036.175758061358	3250.5140417159323
4935.25793877702	289.0315421444653
353.39467265119504	2726.5182849566095
1775.8815342089108	2954.9304764078665
2710.2062567111448	509.6565317668308
1267.9648504340857	2231.4071829215823
322.6957479643197	3455.4284744139986
1008.3656958484563	3460.6751612447265
4111.195211711451	1671.026971473657
4306.95241048784	45.187735535240755
1720.4303288846102	1302.2377565129968
3508.6196275888556	2086.759800972208
4389.904822374012	1580.4818956848924
2087.105128302356	707.1335837441087
3166.481458246659	248.91294976680493
3024.358050960462	3468.9360765281576
