# turbine_x, turbine_y
2796.6228814581755	2152.487533582326
4105.276434884685	1974.740187585497
4924.691676005281	444.5333963378153
2651.7270581490397	387.3855906363604
2041.1839967813232	2139.141393044166
3037.093912542068	2890.4004273713845
3778.911232716658	93.76769987002625
4500.918329026181	3769.875983151119
1860.8377748613557	3522.6096888932657
2746.1918720861536	701.0676013868326
3459.882085784261	3872.082399173974
808.8731571511925	3653.668795491875
3711.8368433851792	2673.496815920467
4440.8986764014835	2837.2864969931493
3277.3919754626118	3260.974718371009
1528.7298647629416	2729.5825307598193
1768.7144217099428	439.5659909983444
3056.3614897963034	1885.7269180435865
4232.545616515963	2355.227206930222
2457.718912840372	2974.196662426426
4275.150145637716	2514.0614519468295
3853.3001896084807	3474.464828461937
809.9738094199728	878.4035809459643
3529.5778109663515	2643.4922968197043
576.3168168890667	2462.2566361163813
2965.6693374262627	1428.7746169479321
1372.270583894133	329.80086227436675
2323.996079050004	3682.370895584654
1029.8021760423883	3274.4818410186494
1070.317505018655	380.7663609022135
588.6243298838135	3618.0847140696224
2414.9505462126917	2381.4457335117995
1806.5644691501907	3157.2016497290374
-215.53512860164943	3865.7286883553506
4597.506616946046	530.9049232899448
4287.03800880802	3200.0381201949463
1401.0324123573691	3414.8140665340543
2618.4096816481847	2798.5987770357547
4127.913857242967	151.4088499778283
3456.0233240367734	2425.646620512694
102.81481947083518	2924.456707878561
1047.634989278215	1324.3113709893676
3834.0890387978516	1331.0317109354396
4168.083065725895	1766.1503196020901
1998.2950066709268	3860.857848995917
1910.6483275611643	1831.697648609497
3343.3779376240223	3706.222099646943
3294.982349617373	3022.396072873247
2797.2942660841486	1129.6969469783578
166.00482719665715	1566.5856640289737
3945.197658480903	2718.220632465092
2296.73044247233	1997.6135562737193
3740.509939496339	474.73691312008776
4709.462217474883	717.590385242689
1687.65125709512	1900.9482880656763
4307.762518391109	3417.7251074155106
1767.272303579655	260.55401934606016
4318.2469043032115	1132.0068190302163
2036.9501917456414	2843.0367719413584
2503.971460470246	2116.5939103995156
2846.3546266462354	105.03898839461516
3815.689366274214	2389.5020561139477
4351.749538256782	1332.7530055629118
2675.912649663697	977.5588425304128
2443.7557114286383	1479.3375845625224
1309.1441995517637	2516.4634072031185
3883.5202964285104	3264.7592696049255
4623.053746206125	342.00749930764107
1608.6643657831432	2396.6287588805953
1165.469552377341	1010.9378315033392
5.82035123878959	3138.616199682678
279.83385946273137	3112.712308132669
3558.284666371132	1052.7909920079364
1567.571988427992	3569.960735883065
2596.444092421774	623.0876399605285
1734.296173185157	822.2406534285799
4256.0775479740805	570.9909533953296
3299.7341355397543	2562.8940491103394
439.05811445370864	496.537354225448
1094.5646959736553	2730.1519365854897
