# turbine_x, turbine_y
2678.2544673370876	191.01539348593352
1496.8039536753083	881.1946225085978
1705.947051412825	263.98421167817764
638.0537521883439	3652.0714404335345
2919.5397114350453	1242.0848255278258
3337.7877278064298	274.23545137047654
1541.0255458842644	5.612274167811494
235.36048820087856	2080.3874235809285
3114.1915508384777	3435.7756980157537
2412.283306340021	2227.2877817185536
123.91085046684994	715.771422556831
553.2567866866151	2645.695181282932
2716.8074586291787	3112.117049098753
3585.257932412788	304.13003036749865
1273.9681730575774	3664.756187023524
2854.860090328848	3024.323813207352
3165.446495759561	1379.9625888218911
1636.3907813322705	3522.8173025383835
2257.948568148088	1751.920656471064
1839.150958829426	71.27052249762036
768.5112550704895	2175.9329078978253
4029.5135334693337	2490.2424308623827
834.015650039019	695.9677645564456
3537.5434622119715	534.7778424824722
1045.6329809332872	1616.5336923344994
2276.279857519107	201.2999428906271
1568.5503144523436	543.988714468071
2053.4226997199416	1300.9196490067652
4225.104598671906	2208.2048993926487
1846.112390569997	588.1870570375035
1169.857256872864	1981.5994503401173
3178.5177353223207	253.8800883358885
1902.4518861123345	766.7053925892066
2117.9336776098635	3859.9535058337997
2288.602292335373	3709.398134475624
2370.0068687941725	707.8829805934539
848.5802929662303	1207.5168305647717
2577.4854475787665	779.8823156901126
1005.0160728685122	3538.289773030542
1948.1079323177848	1618.593584314424
2509.1013518223303	3771.8860957754505
4281.624636397096	2634.4816664375785
3258.6095458154687	2212.2237197518643
745.4022411518421	2706.6868181418317
4401.561769333236	1249.1948154053277
2740.1618292796743	2165.2188217468783
926.8339068553533	3880.4061361437944
944.1526861196436	1912.4769970644354
-49.37529790545951	1607.4320733937811
1791.6952107736233	3040.342825915283
2540.2411708922423	2624.308356684845
764.5205143706384	1691.8766541358532
4193.603560316968	8.239490831142874
380.33082778384363	671.3801815697473
3215.7413291780854	1094.0736234897713
3077.8943016030357	2729.9747506683593
4443.652589106773	2644.3700638702585
4512.168980499591	1723.8369542209775
1337.0683288306857	3437.739774536967
3115.4060464348004	1606.9345400599511
383.6438659633322	364.6585192351069
-207.46943075670896	2659.5729632442476
3527.9990759432026	788.3600764910245
410.55112192161965	3137.2704272019873
1510.4891319045112	1095.9211315861955
119.09620542712375	2535.1633666776934
3311.0138043304555	523.1796998718249
2558.842040719485	313.6557772348034
2715.3687933168253	1345.6000284067168
2861.092426555091	2679.3511172071353
132.68284579269158	406.7111379940989
2247.7092695056776	2322.5799822781973
578.2020013583561	1227.7219720221663
4453.9741034988365	285.51158809082494
4692.785193697727	26.860795808897386
4399.896724746822	1960.0381714952562
4841.038099538233	471.63669937842633
-133.12273680421896	3195.137281822074
77.25654300892411	1293.8340112826772
3760.5905169561115	3227.214910669184
