# initial, wec=3.0, wec=2.6, wec=2.2, wec=1.8, wec=1.4, wec=1.0, wec=1.0_withlocTI
526.6586885899125	869.2882508934616	876.6028634857793	884.6615880071606	892.1450683452748	899.8415801512962	898.2846377718249	898.2846377718249
825.1451387296322	791.1177224828449	795.9723003830094	789.6530154391462	786.4080549617883	764.7597745962797	769.0634255760848	769.0634255760848
-392.8358398894928	-860.7575943938692	-858.5793456269153	-869.4881669384367	-873.5305929770082	-884.6903693246941	-899.1774045480258	-899.1774045480258
-29.16090742088082	3.3632481162082835	34.74430047932426	62.65838791390733	88.66957561660034	71.19448894191987	3.4767501958718974	3.4767501958718974
231.73870671807305	14.171495397937107	44.11905172372052	77.39766301864213	215.13626216439326	200.6927609706466	120.64902943935606	120.64902943935606
-252.1648002636922	-372.05672591009585	-306.0294170951783	-335.1932361577243	-268.4546670429252	-285.3762886333463	-306.3933925857283	-306.3933925857283
31.178736193193224	422.9385010476932	492.4825890302387	511.03261753983685	569.6561456283489	583.0402093649809	564.055243623104	564.055243623104
157.58617174828	-10.659974064017272	-101.87833610861364	-125.03254593827054	-83.48259629214363	-106.80884927644993	-154.58041590611018	-154.58041590611018
-472.3468188186606	-814.9487191366501	-820.6111891253214	-819.3740434134484	-713.434164437063	-720.004822546657	-756.1600198282997	-756.1600198282997
325.1155087710849	233.10504561724747	203.88089593812433	165.45052072737343	118.64728045537753	16.88581152543121	-55.54016153356338	-55.54016153356338
-84.45989242851483	-429.1069509389475	-420.03344750505374	-431.79638170050055	-437.6783877868075	-467.08826653191596	-467.4841681184357	-467.4841681184357
105.46669862410924	262.86190511693883	269.8916583795388	232.35818817048386	216.66634056363847	165.2965529830923	38.470705094139	38.470705094139
-325.09426451752216	-394.43652049890113	-407.6726579259042	-423.291281092442	-412.08282398287804	-446.723987151428	-502.2406557358116	-502.2406557358116
-815.962590270027	-899.888448696829	-898.9179658205744	-896.6658250340337	-873.9086844186405	-877.3382561500215	-890.2227379512641	-890.2227379512641
457.68047925850243	819.4962277721188	846.3722560861656	835.2517552232313	741.3382202324974	673.9587116703598	598.2410181955541	598.2410181955541
889.1358587789364	794.432519943684	753.3000063069647	740.8411866327394	696.7724705731584	685.6122186085747	701.3142534850514	701.3142534850514
97.59645778527437	231.03196809181958	219.70474735859457	204.19144230486395	170.5365237714432	120.39591160768674	60.03601860651725	60.03601860651725
-416.82207202285974	-381.91449109111534	-369.59068749405253	-372.3253644241782	-360.9816342859091	-370.14725694395065	-412.0258443893017	-412.0258443893017
