# initial, wec=3.0, wec=2.6, wec=2.2, wec=1.8, wec=1.4, wec=1.0, wec=1.0_withlocTI
-625.2654088951776	-811.5338352223233	-834.5682843642218	-841.6989063463309	-865.8581271111043	-872.2035391549024	-858.9120170044581	-858.9120170044581
-730.1148354371248	-847.7329243166275	-832.4835333745741	-814.3155264435896	-795.5175340946154	-744.0747696699905	-696.3887173297901	-696.3887173297901
337.9605469860539	565.0961402904119	551.9164379282402	585.1751249202374	584.6266498512354	618.7585367794939	662.9827681753264	662.9827681753264
-78.01583560871453	-422.444479721455	-411.4670439786197	-386.5038350360753	-383.9617487801574	-346.09200185010866	-302.4717772632238	-302.4717772632238
179.5349824970968	352.2348557585088	489.6969935501229	466.6308878562887	338.59989565373957	350.6175566258511	417.679845331605	417.679845331605
138.8842647951308	-116.4214543831248	-198.74125020395024	-194.68645983539656	-213.49811613280818	-169.38719010356436	-97.07190015320978	-97.07190015320978
331.76330860313504	325.4452418596875	207.00365045884024	207.1955471889418	174.960602335662	202.79510625280926	282.49576406855465	282.49576406855465
-335.7268295953148	-115.90032963726048	-52.47507897039138	-8.56250613263099	-29.470031478669977	13.130800383721128	91.9600866375086	91.9600866375086
704.00496664515	888.0393563355311	884.1137111332716	885.1541052084837	791.632372291179	798.6594663451159	839.4034415505843	839.4034415505843
344.68196204710944	389.1180210294341	336.8913455904515	318.6580472712844	245.53961741355224	221.94816132501202	268.8310752974555	268.8310752974555
-308.163771647703	-302.2397873437083	-342.0104774205734	-383.26260372341903	-420.89411133091716	-506.3128846302048	-568.8135799431935	-568.8135799431935
504.7068262123568	700.4758041752094	710.9066363145851	683.7909572613287	684.2599508172608	653.5578575505056	608.6492003630548	608.6492003630548
-305.8216925994029	-794.6953262884887	-800.4341770177012	-812.7821267358067	-813.4843377317849	-819.0236543685736	-847.650177820615	-847.650177820615
-601.148946823256	-828.2092769285282	-755.1138023588969	-769.5814542665619	-833.8765560152384	-828.8952460935031	-797.2098511708017	-797.2098511708017
848.9980251112211	892.4382587335573	877.7823850321007	878.6906067960653	768.2115569913801	722.7805309631572	697.057433911782	697.057433911782
71.25746398165349	-301.498823127246	-353.6309494895455	-380.39780228305597	-381.5992706246884	-397.93871549447886	-403.4897034816192	-403.4897034816192
-26.794264767916466	234.65683235582802	245.8005488268867	241.950640875385	195.78067002533376	165.92316774825574	158.24609422261707	158.24609422261707
277.09682588888006	146.2398787827635	168.35363314194672	162.79499398467297	122.01835596952722	124.41315651074417	113.47531284221722	113.47531284221722
