# initial, wec=3.0, wec=2.6, wec=2.2, wec=1.8, wec=1.4, wec=1.0, wec=1.0_withlocTI
-209.08847603366044	-697.7502724360703	-702.316149646384	-699.0769296512292	-704.6338974071831	-711.8099220217424	-710.7305744143392	-710.7305673212579
-879.9785222144077	-1449.5891083924928	-1452.2429656795757	-1453.322257381239	-1456.6468527911843	-1459.4287778707271	-1456.9291385499737	-1456.9291378107782
120.13380761341085	348.5898694565545	340.67396565566264	341.24439928399556	335.2021322445026	328.9273404080792	319.6164598755045	319.61645644339404
14.751955137825679	301.0812728597858	336.6413473614486	365.9705260014938	390.40578469327625	408.6764809710533	412.02757538054266	412.0275709901638
856.4922550616322	1234.083976354806	1231.203511862587	1231.862115603489	1228.937086191045	1224.9485622800105	1220.5415825318069	1220.5415810021789
667.6618390382298	595.3975362483088	590.267843327825	584.6790779053091	586.4085030654134	588.3593796809172	583.4905626795086	583.4905272621119
1320.845114169322	1462.8583414460525	1464.8545021778757	1466.0281987397757	1469.030530331062	1470.5562774859723	1473.4758372061317	1473.4758311612902
-1150.7508495088707	-1347.0949212591688	-1348.220307003988	-1351.5015603295763	-1352.8758346144714	-1356.4544132491444	-1366.3118232090064	-1366.3118210864577
-459.1008483676062	-569.2208870610542	-561.5091586831927	-550.4772321404416	-533.0757948239421	-519.1246102083738	-513.0871335994426	-513.087133461119
458.6029237055644	1327.8345376962247	1325.4252552087066	1327.1365598770658	1324.1944989609706	1320.3509514185516	1320.932265709587	1320.932269526035
10.816106823317906	385.60526222851456	375.48694507155574	371.2875156593704	358.022272488455	346.50778104221087	356.87180505614543	356.87180807391184
1244.8814246681502	1458.9328652063566	1460.8015908856955	1460.6684348998456	1462.066869403411	1463.4913066817085	1465.55290541715	1465.5529061656448
-496.94409421370824	-190.73992323998698	-204.39968225622553	-211.8556495720848	-213.40124255547073	-207.7303252224562	-213.20389732098462	-213.20392582432692
919.6681694303353	852.6644944620733	856.8184981917037	855.8713277810859	860.0660662552563	865.737269480903	871.9393587347413	871.9393608759163
-1081.6126464344138	-1376.7722316433722	-1378.9793051219738	-1381.3581637037853	-1380.6248832670651	-1379.7946370172342	-1381.8606164385578	-1381.8606313935504
-382.71448741390304	-331.7310253707566	-322.80225813477983	-317.4292481679346	-303.23143151469026	-295.74352866887966	-280.8361749662772	-280.8362066820189
-918.3456393207641	-659.7994192788186	-657.4968003675317	-650.7253915389236	-647.8633940327412	-640.3369619036371	-619.025041302273	-619.0250459871618
-1239.2722861918303	-1387.79954773878	-1390.937631568265	-1395.3403953825061	-1402.0806672908236	-1407.3058086556778	-1409.5182131972288	-1409.5182132475804
