# layout number, AEP
001	8.033579225276085e10
002	8.011690567749786e10
003	8.026046608202402e10
004	8.033614643043475e10
005	8.019878166166772e10
006	7.999671471928874e10
007	8.023768925721947e10
008	7.987623579939607e10
009	8.021506483656288e10
010	8.021623883969785e10
011	8.029947587921667e10
012	8.067082505574345e10
013	7.998369991697975e10
014	7.992400761840561e10
015	8.03647153173494e10
016	7.995420057231308e10
017	7.98826724005568e10
018	7.993913210713326e10
019	8.028751027695229e10
020	8.061876886288902e10
021	8.008477732960297e10
022	7.999004802644897e10
023	8.015842220787257e10
024	8.00204685961244e10
025	8.032415583555571e10
026	7.988259577232379e10
027	7.999433016671188e10
028	8.009851070230925e10
029	8.062876290559322e10
030	7.992833255989342e10
031	8.01964763354575e10
032	7.979631585882039e10
033	8.029947587921666e10
034	8.01428812502167e10
035	8.012607306392719e10
036	8.016078236684662e10
037	8.016721540823438e10
038	8.003336481750926e10
039	8.004009863170396e10
040	8.02388882477362e10
041	8.01210093348869e10
042	7.997091147056268e10
043	8.008178125783206e10
044	8.023350128976091e10
045	8.027992671473073e10
046	8.004221360960564e10
047	8.040527663020296e10
048	8.010389368672876e10
049	8.01081939162754e10
050	8.018543186656041e10
