# initial, wec=3.0, wec=2.6, wec=2.2, wec=1.8, wec=1.4, wec=1.0, wec=1.0_withlocTI
-184.56394689902567	-136.19157187915224	-136.19157187915224	-136.19157187915224	-136.19157187915224	-199.76449961652855	-202.77314561002893	-202.77314561002893
198.45846177486231	96.06204747945482	96.06204747945482	96.06204747945482	96.06204747945482	201.15728158858113	198.22000991744085	198.22000991744085
295.6877806951672	391.4981252802087	391.4981252802087	391.4981252802087	391.4981252802087	447.2121353842113	448.4181595076251	448.4181595076251
-89.52248518615839	-106.66989724511858	-106.66989724511858	-106.66989724511858	-106.66989724511858	-31.36544621076375	7.2915646842792015	7.2915646842792015
53.65818068107071	66.39181134257645	66.39181134257645	66.39181134257645	66.39181134257645	190.27622314206133	171.66990026287567	171.66990026287567
-409.26888550566656	-449.99999530619556	-449.99999530619556	-449.99999530619556	-449.99999530619556	-447.001145907894	-448.7120204755324	-448.7120204755324
-185.48664854230438	-204.8812891508644	-204.8812891508644	-204.8812891508644	-204.8812891508644	-239.00008709367395	-221.37753589107422	-221.37753589107422
193.5375199979536	330.95291843809684	330.95291843809684	330.95291843809684	330.95291843809684	218.15558545875442	232.00856975858022	232.00856975858022
-295.41863246653924	-155.21392157357351	-155.21392157357351	-155.21392157357351	-155.21392157357351	-194.84343198406654	-190.706427036237	-190.706427036237
96.33719307465509	135.1781030460171	135.1781030460171	135.1781030460171	135.1781030460171	-0.8785217723977837	-24.474940901593943	-24.474940901593943
36.887279176113275	35.34665105091186	35.34665105091186	35.34665105091186	35.34665105091186	-7.994276577528344	1.52188179742583	1.52188179742583
326.89265823499915	221.87862010988104	221.87862010988104	221.87862010988104	221.87862010988104	50.01306208452586	37.698199211554304	37.698199211554304
-212.0743370795657	-115.89283728308406	-115.89283728308406	-115.89283728308406	-115.89283728308406	-189.4245368740031	-216.1845220278282	-216.1845220278282
225.654466497915	286.39991152659564	286.39991152659564	286.39991152659564	286.39991152659564	407.79279515547836	415.96808212137427	415.96808212137427
-54.88729045987662	2.272004680358274	2.272004680358274	2.272004680358274	2.272004680358274	51.86501576511354	34.02239561982104	34.02239561982104
394.4072868653312	400.67506834290316	400.67506834290316	400.67506834290316	400.67506834290316	381.2859376748952	391.7805482652136	391.7805482652136
-253.07557554335085	-304.9147534281972	-304.9147534281972	-304.9147534281972	-304.9147534281972	-393.58375792393605	-385.58012652517965	-385.58012652517965
-313.01452334752577	-422.38774418084637	-422.38774418084637	-422.38774418084637	-422.38774418084637	-405.63043794476096	-407.5918079960449	-407.5918079960449
