# initial, wec=3.0, wec=2.6, wec=2.2, wec=1.8, wec=1.4, wec=1.0, wec=1.0_withlocTI
672.9155432395212	1131.3168851197672	1129.481054140435	1129.035044767979	1127.4384563716603	1126.7449799750923	1125.2216066594242	1125.2216066594094
-573.2678539308237	-1155.4963976308081	-1157.3179036733295	-1157.57390190359	-1158.937337783124	-1162.2851750229972	-1167.5364757561535	-1167.536475776151
600.6458830815536	1064.9526796495793	1066.1145865319672	1065.6058176742617	1066.8502444339726	1069.6939670290242	1076.0878590780428	1076.0878590780303
-596.1521616815603	-434.5346227181915	-426.7164820120317	-409.53290388305766	-392.6647427899464	-379.5078343498901	-376.47575830302117	-376.4757583612146
-131.03442871164077	-223.47427371825708	-218.86703312443086	-216.0582793996971	-212.7599461732015	-211.27461225067515	-213.7868924240496	-213.78689239813176
12.031277848856803	176.85279560586125	155.32171345868824	126.70537595107686	96.13468932382645	74.04046283581629	63.79313149486035	63.793132180421445
50.2763806573153	-29.65750123915941	-26.07254474853782	-32.34410288727093	-37.81231124914515	-43.93779326063258	-48.04455983880071	-48.04456051729651
509.85684828176636	526.2851466520762	519.446788587717	515.5703256210899	506.4758837891997	494.67825833622084	480.82463574235624	480.8246357145594
-715.8464019167035	-999.9229488506633	-1003.9062167104822	-1011.8170373352824	-1016.758747368409	-1017.2705456277923	-1015.8079504167763	-1015.8079502685113
304.17708761840936	400.15319366260945	405.3055350210459	406.5462675831223	410.9531933159158	412.85216308945326	416.9848152413658	416.9848152413658
-107.80189315721086	323.7794030180793	317.2002661114734	316.2635951729152	311.2302155835282	298.48588744390537	277.2337962463156	277.2337961620974
-661.5819969863555	-553.0610513310223	-550.8175129001379	-551.8009073377539	-549.3910774252936	-543.83345504041	-531.0695997080659	-531.0695997080659
1037.189586862745	1118.561966853992	1121.567227107691	1127.9551412343976	1133.937564318416	1138.4097077939093	1139.4147635765655	1139.414763557335
450.7825059229996	263.3545237730693	270.789423905036	282.8638368146544	291.84119892351384	293.05084208819994	296.3145683784544	296.314568300494
-1160.3042388545468	-1186.8969866277334	-1189.9060899220858	-1193.2919792343766	-1196.1430188356037	-1197.7136640035546	-1198.3031489326681	-1198.3031488961499
-237.40470766063913	-573.3327852176649	-570.5959932788631	-569.8161750967006	-571.3400416822715	-574.1229892280738	-578.1907303992422	-578.1907302752444
951.3276997520812	1078.4359428511925	1081.746453097706	1083.5992060438969	1087.879671259691	1093.2947949441661	1099.457898164973	1099.457898177118
-951.9173952353183	-663.442233320058	-657.398146039137	-645.1560144322087	-637.3395089369777	-636.5224869932102	-638.8538235545117	-638.8538237902601
