# initial, wec=3.0, wec=2.6, wec=2.2, wec=1.8, wec=1.4, wec=1.0, wec=1.0_withlocTI
561.3927962024749	1171.3896085123204	1172.3204484824455	1173.244619892284	1174.892779729326	1176.507515708495	1177.8747120178948	1177.8747119134516
12.842475086716298	478.0900614327121	473.25607789581125	469.380286953585	469.4827473785313	473.4722647207588	482.1749525020341	482.17495250751216
-204.65852527360192	238.16579476286162	266.48149494809604	291.8105827392307	316.23386857970723	333.77969665164017	349.67234163372666	349.67234164333644
-342.41882743275323	-563.6704351619492	-562.3835086032873	-561.1194281539402	-563.4819872702245	-567.5077806492266	-575.8936230187389	-575.8936232050006
878.554449921419	978.7140487714813	978.3272428551767	980.2846536770433	981.2549639947829	979.8183177099709	973.9374139975281	973.937413786646
-1141.7445217039983	-1076.4560625477666	-1078.27756193957	-1079.8963262436841	-1081.4753009170786	-1084.2841914672158	-1084.9204887616318	-1084.9204888307615
-992.8884361632255	-1160.5637905946016	-1161.8497163565537	-1163.4657096442304	-1166.2870588358917	-1168.8133742168009	-1171.2743134260093	-1171.2743135008059
329.8535079001114	270.18184912604374	266.6392647413162	266.7284654430283	265.9349965561251	262.0074199468276	252.63769132493366	252.63769132225008
-862.685037372426	-461.3461680202231	-456.6813682929747	-445.76693643805083	-430.87480772748347	-415.57481538217314	-399.6324926437003	-399.63249222133487
-587.9243337774496	-260.4733868266029	-256.25137283029727	-251.98623354055988	-244.18631443220096	-236.28386644280008	-229.37123356856773	-229.3712341048974
-953.2169609759501	-1100.6497595730104	-1102.736906414051	-1104.3922067024023	-1104.3486541722705	-1102.6441014857444	-1098.8663773087521	-1098.8663773063488
-355.84447621581	-151.30096307965297	-160.41941493793576	-166.40302784525912	-166.88094454747403	-161.4678473590116	-142.79671311816728	-142.79671273136069
640.4067749558089	1059.3751180187433	1060.0588612314734	1060.7285172692455	1059.47536547242	1057.324415347476	1052.7803830649352	1052.7803829630454
66.32552702851396	694.3477593259681	694.8926578255563	692.1285991681955	690.7522680199455	692.7886144284772	701.0320346573656	701.0320349503149
-206.25509381033194	-530.3228690211595	-526.6094372770899	-523.2818787255212	-520.0107436451511	-514.1281864841168	-512.784099856094	-512.7840997098306
492.07584272632073	305.1093049553522	300.1753431625782	293.84952354189943	282.4437933578596	271.80010348934667	260.99134604127056	260.99134570559136
879.3048809608513	1169.1885085071633	1170.001496815919	1169.9811646898127	1170.1617741287816	1171.047442246745	1173.104512361114	1173.1045123616923
-793.5343967003625	-1107.7724104050124	-1109.7036217089837	-1114.1327741279854	-1119.9762944323813	-1125.7431202642667	-1131.5007162275172	-1131.5007163766907
