# initial, wec=3.0, wec=2.6, wec=2.2, wec=1.8, wec=1.4, wec=1.0, wec=1.0_withlocTI
-654.1754087722205	-688.3204761658433	-678.9995098647962	-673.040169089469	-623.2731532860705	-628.0824409121216	-609.1407304965267	-609.1407304965267
442.8165730616349	510.69092713442996	497.85536988092605	479.12395322621734	491.56289751212296	501.7391492812472	595.2521257919474	595.2521257919474
-763.4107072728162	-1424.180594947568	-1421.9871667285836	-1421.3481289651152	-1407.9580357813525	-1425.3247853516418	-1436.9692593147872	-1436.9692593147872
-537.3614038365342	39.57067974493715	47.664458742576905	60.32340428184113	47.747605686053966	19.377494004671632	-24.17721220643322	-24.17721220643322
-27.372229436185116	266.85926201781615	265.98430960463355	263.86160001565213	268.1511106319847	249.23308922068716	288.74760148180314	288.74760148180314
370.5959412366258	1259.190715102181	1270.4814927975485	1278.796529559296	1264.0076672661053	1269.3703260973339	1309.4922038574675	1309.4922038574675
-411.92372960153165	-184.0294858213927	-155.0289853299919	-111.43850382785443	-112.15850426440758	-167.0049534702307	-275.9101667399407	-275.9101667399407
937.6291207526939	1442.9279254554053	1443.1555383974753	1444.6714124964767	1455.0732752117053	1450.825426242151	1440.6507235795098	1440.6507235795098
-1229.8111913639814	-1321.9777360048427	-1323.1384165653578	-1320.477841681331	-1338.0574247067955	-1327.1813519706088	-1319.1752935437319	-1319.1752935437319
-1320.590452934341	-1332.747134169361	-1337.5199703919704	-1340.5286012584809	-1364.3792008361017	-1362.1719633812731	-1370.7470847863071	-1370.7470847863071
-1043.330729046531	-1410.388165366967	-1414.969975274703	-1421.4219069104292	-1417.1682761827642	-1413.5974766955524	-1376.835105137936	-1376.835105137936
-505.17523999935656	-470.86053123086555	-477.44372014096473	-479.3427753574339	-517.3530611240117	-467.3855883844889	-430.2549799649185	-430.2549799649185
635.3504217015786	683.2736713751561	689.9313984388201	695.5061143916934	700.815571819243	662.6212599530742	675.4030647885764	675.4030647885764
-246.4102711399261	-359.01891684379046	-363.71609794632803	-367.204180674575	-364.7132368692723	-380.0816559842769	-403.6854650381647	-403.6854650381647
1254.3159921622675	815.1311208222891	797.4188244264768	784.0149462778759	807.6413925294689	799.1864458461079	731.5942646281967	731.5942646281967
1426.8808641927733	1488.668247422715	1491.9671632855184	1495.854758947074	1495.8009473993586	1490.6741249341144	1474.406178734479	1474.406178734479
-44.17305439750186	-409.82801644139994	-409.0257874733123	-403.6390837312898	-364.3648773223024	-380.9272777088584	-417.76248353582224	-417.76248353582224
128.8987314648875	708.784080682805	706.6149855489685	711.5745004063978	677.9397755045194	698.9918929082964	713.9863758531403	713.9863758531403
