# initial, wec=3.0, wec=2.6, wec=2.2, wec=1.8, wec=1.4, wec=1.0, wec=1.0_withlocTI
-284.2317164891677	-264.08634178461233	-263.9100151798256	-260.31563973644427	-268.8231492941386	-248.1775820068563	-288.8256315907335	-288.8256315907335
363.26368928344044	-41.8011394836778	-49.35867882954348	-57.32625050634886	-55.853451322741186	-18.604761195580895	24.426957498824112	24.426957498824112
-657.9539210053096	-1262.6684246076484	-1273.12597373942	-1277.155900646058	-1267.845604582982	-1269.7193002938625	-1309.5023576203614	-1309.5023576203614
-1189.2700274202148	-1442.1133207888383	-1441.701965804816	-1444.4852861023276	-1454.5455728448248	-1451.1595824313508	-1440.659771201477	-1440.659771201477
502.1108717375296	178.73602515734	142.20540284789334	106.17439254971232	103.3507621346459	165.3809342771627	275.6976299059744	275.6976299059744
1178.188808917269	1422.8509200857184	1423.1397469430162	1421.5303240709884	1413.3500250702837	1425.293016026777	1436.9138002012699	1436.9138002012699
1343.633631994803	1318.7695552268597	1315.888709869257	1318.0464738611029	1331.3548369962557	1326.7373583030478	1318.9860702321225	1318.9860702321225
561.9559732866057	682.2854804521825	681.1045104967546	677.2109091005575	658.850635529708	632.3654473012664	609.2132909139307	609.2132909139307
-266.7130743287023	-513.5202878172154	-494.389938155622	-474.62156433721645	-490.07062442745956	-504.47873736387385	-595.685856829026	-595.685856829026
548.5381603105484	350.9448810416694	358.44168104837917	362.0225502338788	356.64108244310614	376.780494721883	403.66647935558393	403.66647935558393
-258.0887630900663	-700.5503645035172	-704.2886751144835	-707.8393719952007	-708.3967343028635	-668.3590541725551	-675.6456518363235	-675.6456518363235
-1313.6731950215624	-809.7341723072735	-793.1899238403748	-786.6849544508116	-801.6034446995474	-798.6318919243128	-731.5760899504874	-731.5760899504874
-312.89505845087297	412.6875596189134	414.12008496107467	404.3047477847177	366.46583720632464	379.65230730289943	417.73128162146173	417.73128162146173
-1138.481843033335	-1489.3132087759082	-1493.2439946273241	-1496.2377926696397	-1496.4354089091742	-1490.8551741566557	-1474.445935552452	-1474.445935552452
386.2823004567464	474.8638230708948	473.99712102379556	478.8023101949173	502.4358588639093	467.48242636523156	430.4401593615668	430.4401593615668
-434.7057694968743	-714.735631022134	-720.0256401988584	-716.0681030058365	-691.0096397467156	-699.8342565691838	-714.3358779565165	-714.3358779565165
1384.2425811884873	1335.8470978544542	1336.4492839159407	1338.4264686091944	1347.5592428143761	1360.1889372323346	1370.7148376600078	1370.7148376600078
1440.5710778190683	1409.361415385375	1416.1845188911084	1422.9316206486133	1417.6850106521179	1412.6221030992454	1376.6475075296748	1376.6475075296748
