# initial, wec=3.0, wec=2.6, wec=2.2, wec=1.8, wec=1.4, wec=1.0, wec=1.0_withlocTI
-449.72101440477036	-370.46973621588785	-370.03678880871473	-347.55351259538367	-350.67594495618175	-373.6267033181627	-374.17874346035427	-374.1787515571303
367.9930248494676	8.26015146206081	-0.9316807794584421	-57.82623959984807	-38.14238560143126	-8.870034129020173	-3.916826321033207	-3.916833041907947
836.7992335479122	716.9289639081084	723.2181723776979	751.1190640654232	753.4326027899851	749.9685699069968	746.6233651461703	746.6233519080827
-806.1487112366531	-840.9218821989111	-846.2446383275462	-841.4173419475189	-846.7128789348562	-858.5236340239247	-856.8718055720491	-856.8718027259182
231.95752544642798	898.6869217489359	898.056894204272	891.8918698658301	892.1503605431575	893.1379516491346	892.612156055784	892.6121570441356
758.0229921814462	602.8350610405597	589.8211778432494	530.0947565211568	538.4682492618971	559.7251857563342	567.3179867780394	567.31800324931
-15.447134771551596	243.62723301859884	251.1811856924263	282.2436881287813	280.94525246386286	262.39727367398973	252.99010427360895	252.99008506731082
-528.6195006667232	-852.854241125136	-847.6381280663188	-853.4338272303997	-848.2031508084945	-839.4652902153613	-839.9181374149354	-839.918132275906
-253.58948855048033	-526.0878213712484	-518.8729450267783	-545.0812037858824	-523.3850440610237	-497.705185624725	-498.9361016932339	-498.93609294653334
710.5622993491958	820.2147124674921	820.4101260532951	830.184651678535	828.8705457604362	818.78146508063	818.5293323653285	818.5293286640054
-574.2215694754616	-899.9620935894045	-899.9995177622881	-898.1403709965059	-899.1913915226394	-899.956289344366	-899.9914772750805	-899.9914770127764
88.73122556736335	544.070639448267	535.6822520325735	495.80253286715117	492.27971018204033	497.5410979711951	502.547063087437	502.54708275497876
95.80975143851838	320.70295919906994	306.3821341183119	319.400777503707	305.0857267163879	270.06882494328454	275.26479763256486	275.2648064922855
80.68658731288534	-48.59852546551269	-59.108500007904375	-120.53585552537122	-118.60747945664733	-110.92609887711242	-115.08057551752714	-115.0805678514649
-326.2396726832413	-668.2738130289298	-679.7874507293811	-727.3235518727381	-721.1462712506104	-704.7749402828742	-698.6775378371001	-698.6775244626209
386.45156442305364	866.3981598155096	864.2383999565913	854.5984440141833	855.026178030867	860.8993383654781	863.7106038133539	863.7106094390846
-298.0501242045492	-287.47111749682364	-302.5055435003148	-285.7458705543656	-300.91762155491233	-324.4965756151716	-323.322629027765	-323.3226423777858
-624.7527891256838	-730.227090845631	-735.3712442847851	-716.1609325279713	-732.1667130215026	-749.859685981273	-749.0412314600308	-749.0412372862052
