# initial, wec=3.0, wec=2.6, wec=2.2, wec=1.8, wec=1.4, wec=1.0, wec=1.0_withlocTI
-650.390180694802	-673.9407622576782	-676.944824540285	-675.2754873499811	-671.8032856084533	-666.0860600829112	-657.3337262746668	-657.3337262746668
91.11467338270351	285.67645224439417	294.0722220348268	302.0072412473661	307.1487670648287	305.2693786681037	298.84332380952077	298.84332380952077
1178.0200840266998	1222.685532408876	1224.3549566006498	1223.0660303855561	1219.838350263582	1214.833618394227	1209.1752519126953	1209.1752519126953
141.71298517064045	587.9209932036167	587.9575870578087	587.7551257967904	588.8031997591623	588.9587244542818	586.7242549448182	586.7242549448182
1174.933136641075	1463.719795322322	1466.5752367785956	1469.8209405978077	1473.1400610996573	1475.8983582365472	1478.434381057459	1478.434381057459
-966.9271554451246	-630.6861480699376	-611.6591405827013	-593.0319577344707	-576.0200024259933	-560.3698778892839	-541.9481138569255	-541.9481138569255
-1405.3743140886693	-1499.9896433738757	-1499.9615088326575	-1499.7708956411295	-1499.428022572502	-1499.037993351416	-1498.6632831482648	-1498.6632831482648
411.9648540894487	389.7039174661339	398.34459200592937	409.50400233573146	418.999673696014	426.10908142574937	427.9006038765351	427.9006038765351
-629.1119132300312	-853.7055276816639	-843.9072310816696	-831.5243769648026	-818.7184324929997	-808.2294949937608	-798.4176796151589	-798.4176796151589
352.90345422108095	-115.24626936119793	-114.02477395765608	-113.05617457714156	-113.44935809112417	-114.41200759359191	-115.93212878192273	-115.93212878192273
792.9663947654049	1472.545063864077	1470.8914097559896	1469.2826914582392	1468.2164809354792	1468.6083911192538	1469.9294771568057	1469.9294771568057
486.3428076445875	868.9304282595559	866.5765995756526	868.394776301206	872.9229056602602	879.8745817644754	887.634615234152	887.634615234152
-1029.2461321142691	-1379.9814876233715	-1379.9658968926046	-1380.0521410902631	-1379.6053029594398	-1379.538916047472	-1380.490727480431	-1380.490727480431
-560.7866669404418	-327.90907586978307	-314.8921944506683	-299.37669046166883	-282.5922157163092	-267.8134353522036	-253.43989604489926	-253.43989604489926
-687.8616807696627	-1360.9683993025915	-1369.6251687976608	-1377.792835539318	-1384.9913201191464	-1391.3969958120779	-1398.6751738294781	-1398.6751738294781
15.282191794683264	5.575201654757975	-10.746525890675947	-26.21566238947291	-41.41986389246795	-53.71307559127986	-63.311639871861864	-63.311639871861864
-308.4872220458699	-209.61414003525007	-204.49088548040507	-199.6021882801917	-193.86316938344686	-188.62389605028682	-183.08393292727467	-183.08393292727467
1294.188274424852	1233.3640478355117	1240.0889520803787	1248.4258936573046	1256.8612207782628	1263.631704042842	1269.8540108524073	1269.8540108524073
