# initial, wec=3.0, wec=2.6, wec=2.2, wec=1.8, wec=1.4, wec=1.0, wec=1.0_withlocTI
79.78378498313958	-165.83248887589323	-171.1186911267543	-209.3789438591353	-210.98166152692954	-215.99799919397827	-217.46280805291894	-217.4627801348295
-172.23534272616484	-326.8475921273861	-296.55156942233924	-273.0617564539656	-270.62181686885395	-276.0709428492409	-279.72311922932727	-279.7231506810331
844.4190469588813	1193.6498303969254	1192.2214800565814	1183.0260860733626	1180.3084914781361	1177.230044794258	1175.583171146021	1175.5831712397012
797.5262291782943	969.3107651395715	970.3743285143797	988.4918031429403	988.0431411328987	989.4990548501925	988.2662472320785	988.2662471497684
-833.5892171656449	-1128.7811356740087	-1117.7825305706997	-1115.2353497315119	-1106.5554272551603	-1100.4464299935753	-1094.7605017622393	-1094.7605009402728
103.99980971716386	219.83221358020583	185.46045527852206	175.28871853001294	133.5784517843967	104.01544850907335	82.61895277648426	82.61895295921525
-327.5340082702671	-332.98945563775413	-349.4683341467639	-346.16144895802563	-355.01434831301714	-363.993661353828	-369.41443167199253	-369.41442880131893
-967.7316253108598	-1022.5462805541586	-1038.9523275898148	-1049.5097914680193	-1066.919441289658	-1075.964467709	-1081.9138892177177	-1081.9138908705836
734.8068086764749	746.6616169949127	737.0731007676511	669.9042907686071	659.9523552793834	656.6368743010042	659.9593282410608	659.9593282556298
-1191.139852636729	-1188.4862952534015	-1187.736668504976	-1181.5923401881587	-1181.307216000404	-1180.4002983812888	-1180.131317741267	-1180.1313228857334
-204.95430915938454	-514.6562957264241	-498.9300117822247	-438.6061591146958	-438.718993712802	-444.9679942073144	-446.68937492030705	-446.68937887885664
-86.25694989743397	-123.28866496604553	-136.4109329668741	-201.1200628235603	-216.49913315270183	-232.65730592474486	-240.8406272169753	-240.84062675970466
654.419488318893	707.4154655773684	705.9558503406488	680.3557562937658	681.0071863251358	678.8899915148595	680.6833511860151	680.6833513055187
-460.2178681430107	-407.25127455377367	-436.5343221585376	-443.00125905411085	-464.2575648678118	-478.55789069941426	-491.42592908930885	-491.4259309204215
1139.1310783447464	1179.6922477519377	1185.58189069399	1187.1284114028538	1192.5421574242434	1195.483494878702	1197.152500161161	1197.1525001485497
575.4062471989057	580.5940841644795	559.3741367948729	559.9166017831408	547.2698656467038	542.8990984362863	544.4328945932266	544.4328981068243
414.36271401085116	628.0120255732063	600.4815246086899	581.8326199372548	549.25668605248	531.3195500483815	519.0976173301044	519.0976138851684
-785.5297070062909	-939.41286115171	-946.9547212699251	-995.6044602236212	-1002.2290048529676	-1004.4043088198733	-1002.2243686259117	-1002.2243686163182
