# initial, wec=3.0, wec=2.6, wec=2.2, wec=1.8, wec=1.4, wec=1.0, wec=1.0_withlocTI
199.27320121061723	138.45480707173155	137.46588511542572	111.85084052490282	122.92002332007111	160.6099224825005	180.6156894626808	180.6156894626808
318.0546329993321	473.36949043467786	466.5661161917163	458.3414683767725	464.9731005337321	486.94592659307125	493.4555235723873	493.4555235723873
-216.80351096280913	-540.2478563406178	-551.6588673146109	-568.3352241633545	-564.4639303227185	-550.1113465569687	-549.3076056820294	-549.3076056820294
-301.4401784083898	-299.1053631433534	-290.2266919085366	-282.90487127935205	-263.8720296814556	-278.55160575773726	-277.46223145467104	-277.46223145467104
581.7299037247902	587.4748893725273	588.7035613672244	588.3411151290663	588.3570578719945	588.6135656603092	588.4187350941202	588.4187350941202
-155.4348089610194	-247.25432596946627	-274.359644096797	-291.2102026268086	-261.9995057447598	-225.16220656797756	-203.48236497265677	-203.48236497265677
279.6619437946311	237.76036167125687	217.29111441423038	219.19756759624585	228.2522241209249	231.56933471147948	238.6176612717998	238.6176612717998
-130.22388197427796	111.87650217950319	104.4601631519868	75.59240104433628	89.58887580752166	127.94494125278689	133.63598650576438	133.63598650576438
-518.2329253651652	-578.4511388222932	-575.2317600927777	-573.255734364523	-578.9146179887616	-588.5209601860697	-589.2905336508942	-589.2905336508942
97.07041116227506	-78.24471620178102	-97.59477002498132	-87.52360640668014	-87.93067687559527	-86.29711144296586	-76.50388167717891	-76.50388167717891
394.36277377735365	368.67509998697733	377.24822421202214	387.1990744167616	379.20984165353553	350.5481518803737	341.3245702356678	341.3245702356678
-144.38259073448236	-261.0215733488084	-235.95154820583863	-192.346192648116	-203.42365018075742	-239.53654585207056	-241.37373401388402	-241.37373401388402
235.7279729202548	520.1307395502084	525.1372560186388	529.1170931480664	538.861485172177	531.4222054541001	531.9913719900898	531.9913719900898
-57.50770367323472	-121.95597452049753	-115.88049274154932	-117.706407781916	-117.6267760830053	-116.33847637050017	-117.31895528500897	-117.31895528500897
-551.323824722714	-546.6857404405183	-533.5981246870083	-524.5920255403564	-539.7743241964171	-556.1495350153752	-564.4421397505403	-564.4421397505403
-243.87776695737725	-550.881123150237	-559.2715957851004	-558.5270427040196	-554.8882677328731	-553.5129992765566	-550.5108008189301	-550.5108008189301
545.2796352032694	589.4774375203721	590.8369637615003	595.2191456727159	593.2741374933718	586.2003772393308	584.9287274396586	584.9287274396586
-32.820191939965504	159.35582983958219	170.61324036675632	177.1380264851424	157.66784842780277	116.80364598432188	112.85898483087762	112.85898483087762
