# initial, wec=3.0, wec=2.6, wec=2.2, wec=1.8, wec=1.4, wec=1.0, wec=1.0_withlocTI
-342.23494207463443	-299.21152655487805	-294.65650163872795	-282.04674172082974	-263.2994267397303	-277.876424722909	-277.5856290227574	-277.5856290227574
-91.41067139644869	111.94301988376023	101.37690661842993	75.6062922810174	90.58821606021986	129.50053462049794	133.60495195573822	133.60495195573822
-388.8669081086541	-540.2734410107743	-550.1727691430262	-569.1219710300976	-564.3845045003399	-551.0114539878767	-548.4919736066358	-548.4919736066358
383.4033953397679	473.4393072653015	465.32469942061164	458.4712880459716	465.14710465501713	489.8468281769829	493.6504321955316	493.6504321955316
10.973925423278619	138.28900748631557	138.6068531607665	110.65088536914364	123.65964207981484	160.34029840940275	181.1608745256246	181.1608745256246
-549.3654054255267	-578.4598839331633	-576.8559004485302	-572.5386113264835	-578.7425676867457	-588.1931808368829	-589.6690064132689	-589.6690064132689
258.14633984476643	237.5457648060548	218.70063806471228	218.94182605350957	228.36123437910837	230.28120918908618	239.80186028557108	239.80186028557108
-50.51722369456142	-247.2807307012148	-272.2453010627345	-292.19966001397086	-261.2482028614609	-228.9094525456523	-203.12993214263628	-203.12993214263628
551.2233229809825	587.435406061175	589.0411945536447	588.1713006362182	588.3879828666696	588.11159444514	588.3504907941268	588.3504907941268
475.273029178118	520.0696904486617	522.6641557341245	529.5749858508426	539.1413706515655	531.775986267556	531.926896414417	531.926896414417
240.1732601596689	589.4648110712279	591.3736337452577	595.2173684901924	593.1224417499759	585.8580205233148	584.9356519645538	584.9356519645538
-74.45942430374713	-260.96860262096055	-239.39701011307903	-190.0006817280981	-203.64302809438374	-237.45818472158095	-243.2212496560091	-243.2212496560091
316.92737257370356	368.5855005780365	378.7786283556569	387.04536281747284	378.99646885307425	346.4829803439716	341.041461724663	341.041461724663
-137.20728034398215	-78.33806062862405	-97.48143898277101	-87.59265221516215	-88.3310639022288	-88.20715203045098	-76.50698396510779	-76.50698396510779
219.35430660092658	159.3241702719474	165.0373782124337	179.44233325763028	158.2951545667674	118.44395873888467	110.86236514884772	110.86236514884772
-494.4750160870312	-550.9736931196619	-558.7218562270191	-558.6273205771538	-554.8433778472436	-554.0492746353402	-549.9955588429478	-549.9955588429478
-593.8301858407069	-546.6738628936581	-534.6801933588383	-524.0413963041254	-540.1384090669302	-554.6175057210788	-564.5690771792235	-564.5690771792235
-218.29542581859255	-122.14615147122643	-114.15334539753445	-118.55177363845985	-117.47206023392475	-118.84959379662051	-117.65925549599594	-117.65925549599594
