# layout number, AEP
001	8.077501637349847e10
002	8.077753384509021e10
003	8.084445148123578e10
004	8.074913977240756e10
005	8.074913887931596e10
006	8.084897633740596e10
007	8.077847356185428e10
008	8.084517690993037e10
009	8.084807719802557e10
010	8.084519010136937e10
011	8.084440525387561e10
012	8.076398894548434e10
013	8.084152306249826e10
014	8.084512056349757e10
015	8.084828777747896e10
016	8.075979499269797e10
017	8.074998653477115e10
018	8.08395056153943e10
019	8.084440899580489e10
020	8.084567545139595e10
021	8.08446367830569e10
022	8.084551888794717e10
023	8.08451704993593e10
024	8.084007472399951e10
025	8.07785854934709e10
026	8.084808620298701e10
027	8.075000014168727e10
028	8.084152186755554e10
029	8.077712482630574e10
030	8.0845669072664e10
031	8.084184784810434e10
032	8.076881747832549e10
033	8.076398518244658e10
034	8.084519008030255e10
035	8.07491386304569e10
036	8.07491398465529e10
037	8.07784874245835e10
038	8.084808269526395e10
039	8.084453632661604e10
040	8.084512279056007e10
041	8.084808616521631e10
042	8.084573658053433e10
043	8.075356318797595e10
044	8.084160807364853e10
045	8.083946776720842e10
046	8.0841614760097e10
047	8.08477597844637e10
048	8.084437763446396e10
049	8.083974333248578e10
050	8.084158466557716e10
