# initial, wec=3.0, wec=2.6, wec=2.2, wec=1.8, wec=1.4, wec=1.0, wec=1.0_withlocTI
-187.04222552008414	-68.41546673972553	-68.41546673972553	-68.41546673972553	-68.41546673972553	-217.32842860189302	-220.9788600419578	-220.97885999843592
-296.7455137275465	-448.8215038888376	-448.8215038888376	-448.8215038888376	-448.8215038888376	-414.40342875579483	-416.64093186975373	-416.64093124976847
68.96660573533147	104.1964459948722	104.1964459948722	104.1964459948722	104.1964459948722	125.98870048198354	141.71878799301692	141.71878808622884
78.93130121103941	-2.325621600508692	-2.325621600508692	-2.325621600508692	-2.325621600508692	94.8018365802886	103.00572471612092	103.00572980092367
86.69881767289922	259.17174675981204	259.17174675981204	259.17174675981204	259.17174675981204	199.8398579348562	210.49641591676567	210.49641590422073
311.3868038048934	384.15395481332746	384.15395481332746	384.15395481332746	384.15395481332746	339.5479486874285	349.6324018425373	349.6324019045453
292.7938095005898	432.87698805625087	432.87698805625087	432.87698805625087	432.87698805625087	445.1194564236685	444.35582360829864	444.3558235842609
-179.8122273573295	-240.83832588007212	-240.83832588007212	-240.83832588007212	-240.83832588007212	-126.81121256883452	-112.68528470819632	-112.68528913700779
-418.647771395152	-345.4938920592944	-345.4938920592944	-345.4938920592944	-345.4938920592944	-441.4308429736185	-411.8503367713763	-411.8503367588839
-308.3812300808197	-444.7697160137013	-444.7697160137013	-444.7697160137013	-444.7697160137013	-394.04636794594086	-392.0055400305068	-392.0055400549737
60.73822201610892	32.54856104212777	32.54856104212777	32.54856104212777	32.54856104212777	175.41541200250404	170.03039107968226	170.03039259886984
287.19571907745336	437.77548410007216	437.77548410007216	437.77548410007216	437.77548410007216	432.00334682977615	427.1016098425084	427.10160981126114
-40.83537862221831	-200.72284526431397	-200.72284526431397	-200.72284526431397	-200.72284526431397	-50.840166567704344	-62.418295616463766	-62.418294513573294
-281.46034785216904	-367.89134895278494	-367.89134895278494	-367.89134895278494	-367.89134895278494	-403.1924313198154	-397.73264749925437	-397.7326475051771
230.43032218099668	234.374447814405	234.374447814405	234.374447814405	234.374447814405	295.30897028030944	283.29698830301	283.29698822694644
-158.72913599014743	-122.96711084873739	-122.96711084873739	-122.96711084873739	-122.96711084873739	-66.09621927757769	-71.04858923572017	-71.04858933682755
282.83371938535345	380.13131375015195	380.13131375015195	380.13131375015195	380.13131375015195	431.7626207629475	435.6627441155406	435.6627429699594
-156.30884266258593	-288.3307034285245	-288.3307034285245	-288.3307034285245	-288.3307034285245	-87.40130533495076	-119.8586370491756	-119.8586370689915
