# initial, wec=3.0, wec=2.6, wec=2.2, wec=1.8, wec=1.4, wec=1.0, wec=1.0_withlocTI
111.74897990331357	56.16843530746772	56.16843530746772	56.16843530746772	56.16843530746772	56.16843530746772	88.36461386839262	88.36461386839262
-162.20754065005184	-79.87793371388574	-79.87793371388574	-79.87793371388574	-79.87793371388574	-79.87793371388574	-12.266219475072372	-12.266219475072372
-379.33038474432385	-375.0745201447152	-375.0745201447152	-375.0745201447152	-375.0745201447152	-375.0745201447152	-264.0525217242173	-264.0525217242173
414.0857690467666	185.00377957117078	185.00377957117078	185.00377957117078	185.00377957117078	185.00377957117078	233.61403532690795	233.61403532690795
72.31001649610678	314.9310120511478	314.9310120511478	314.9310120511478	314.9310120511478	314.9310120511478	348.3137692989955	348.3137692989955
-51.17938412322178	-192.64351695554026	-192.64351695554026	-192.64351695554026	-192.64351695554026	-192.64351695554026	-201.14741004875304	-201.14741004875304
-122.97328004187355	-229.1411503270962	-229.1411503270962	-229.1411503270962	-229.1411503270962	-229.1411503270962	-155.41851922690637	-155.41851922690637
-284.66716512005326	-442.15192429574705	-442.15192429574705	-442.15192429574705	-442.15192429574705	-442.15192429574705	-448.1249215257703	-448.1249215257703
350.93670178944046	437.2032312499002	437.2032312499002	437.2032312499002	437.2032312499002	437.2032312499002	437.0590936397612	437.0590936397612
91.16025594461559	-187.3166244364279	-187.3166244364279	-187.3166244364279	-187.3166244364279	-187.3166244364279	-89.62933878901094	-89.62933878901094
284.4053494175252	442.86177600698477	442.86177600698477	442.86177600698477	442.86177600698477	442.86177600698477	449.8336826510783	449.8336826510783
82.80831536498145	249.84656529660754	249.84656529660754	249.84656529660754	249.84656529660754	249.84656529660754	364.38485476145684	364.38485476145684
33.16532047053835	-410.4659871414233	-410.4659871414233	-410.4659871414233	-410.4659871414233	-410.4659871414233	-384.609798916662	-384.609798916662
411.97854265040934	323.25530427009767	323.25530427009767	323.25530427009767	323.25530427009767	323.25530427009767	284.91744216577763	284.91744216577763
-155.6210114097049	-137.562581787648	-137.562581787648	-137.562581787648	-137.562581787648	-137.562581787648	-94.98376408647131	-94.98376408647131
-372.24540223842877	-387.77077347433016	-387.77077347433016	-387.77077347433016	-387.77077347433016	-387.77077347433016	-422.30928392414944	-422.30928392414944
-195.41392598482844	-90.18340288863222	-90.18340288863222	-90.18340288863222	-90.18340288863222	-90.18340288863222	-41.03893350644612	-41.03893350644612
268.41114043789935	-107.18185833534989	-107.18185833534989	-107.18185833534989	-107.18185833534989	-107.18185833534989	-107.15048039562666	-107.15048039562666
