# initial, wec=3.0, wec=2.6, wec=2.2, wec=1.8, wec=1.4, wec=1.0, wec=1.0_withlocTI
902.4991920143839	1171.380943718071	1172.4146857313535	1173.9179692785444	1175.5075759485494	1178.2754414757298	1180.351480625442	1180.351461451538
556.2745375298745	978.2369054403886	977.6883134541424	977.4689894597482	979.3720508199326	972.1242131066726	966.7813122489069	966.7809652182461
-292.37093530953206	268.6623467939608	266.28928105977445	262.1635260482072	264.24449493363704	254.70081875327517	250.5436491353329	250.54417336664898
-168.5362527630403	-459.823947674478	-456.76622645180896	-442.21212405626096	-425.1790623959102	-404.68265179048996	-396.79350982995294	-396.79347227324536
-119.64142135568103	238.80591314716744	266.65113253370464	293.03637909689064	316.046157246329	335.92673858868335	351.32491695402643	351.32432182395644
-864.009944351729	-564.669690298305	-562.5342136446734	-565.751605496697	-565.6121583977055	-575.7093357323604	-579.2560165335116	-579.2562411071289
-1128.219190418285	-1161.544078785726	-1162.1022746699255	-1164.9106851230629	-1167.1667547526463	-1170.4108166930268	-1175.1067885308805	-1175.106689004536
563.515018351125	478.54794189628467	473.5558530265694	473.37665208629545	474.4665213427679	481.1000309572449	482.2502333260773	482.2497458764902
-424.0178877185839	-1075.0617798334897	-1077.8342236413398	-1077.919100146487	-1079.5429912513055	-1078.50698288837	-1089.4857208565265	-1089.4858733752649
75.80087602883498	-260.5123506971303	-255.8198676441123	-248.83047130441145	-241.20932587188562	-227.30372635567187	-216.2646114956819	-216.26471614487224
636.8700573880728	695.0198256602613	695.7913205374115	696.0994025644346	693.4193435957566	703.5442518361815	710.8684085583642	710.8688805201506
1068.8272728839593	1169.538604818527	1170.081201794418	1171.012506152698	1170.54467958181	1172.6583018622312	1173.5535266352724	1173.5534147163007
-1075.585864636462	-1108.4051359578482	-1109.668695770488	-1115.54849310399	-1122.1509545957608	-1129.7043645750061	-1132.4994086342338	-1132.4994217929484
148.79127245175124	-149.9410087660201	-162.5736737547354	-163.64910592409376	-164.20883517796142	-155.58668167692298	-138.30874600063143	-138.30863762631782
608.7431536940704	1058.8428365956615	1059.978895298944	1058.2651523845268	1058.3396837843184	1052.881171239473	1050.934092752614	1050.9339689716476
-142.47603802889125	301.35586690301426	299.1960949059739	288.06788006369413	278.78623818297734	264.83678024013585	243.15434511585607	243.15482610265522
-1044.5119084949833	-1100.450756637509	-1102.6082051500784	-1102.6851526341911	-1102.2166393794346	-1099.3374187268157	-1098.8333415300913	-1098.83355545885
-477.1215744820234	-533.1436679549457	-527.5162427333111	-527.3427890600439	-524.0104293239135	-526.1394186534832	-503.0117931517806	-503.0114628075039
