# initial, wec=3.0, wec=2.6, wec=2.2, wec=1.8, wec=1.4, wec=1.0, wec=1.0_withlocTI
-209.08847603366044	-698.3101917864407	-699.0634897517726	-701.520256107038	-704.8497287073237	-709.399751257362	-720.1663456959928	-720.1663456959928
-879.9785222144077	-1449.6834416812744	-1451.242320152809	-1453.8820127235826	-1456.673048612846	-1458.5804786844178	-1459.8282336676223	-1459.8282336676223
120.13380761341085	347.9060247127929	342.8168921438973	338.8140208962038	334.88624471064094	328.04520046843794	314.0536138735893	314.0536138735893
14.751955137825679	302.2261608627007	336.1949501667628	365.34480328042525	390.96140734857664	407.79170545496083	416.58244983506665	416.58244983506665
856.4922550616322	1233.0323047742625	1231.6949579724196	1230.617030622028	1228.2524401807684	1224.9731946423215	1217.7562558579784	1217.7562558579784
667.6618390382298	596.1045143372348	589.3684828509156	586.1046633262862	587.0527199436051	589.7499342214811	592.6936507845619	592.6936507845619
1320.845114169322	1463.1209822112069	1464.6642497624375	1466.544092111931	1469.160672450512	1471.0912992696085	1473.8441521077968	1473.8441521077968
-1150.7508495088707	-1346.480926149059	-1349.1105821020758	-1350.830582030797	-1353.2017983005917	-1357.3421884456006	-1360.9488985023102	-1360.9488985023102
-459.1008483676062	-567.6565705833151	-562.1738673184809	-549.7745052477662	-533.5006966251957	-519.0606904211967	-506.30982821211137	-506.30982821211137
458.6029237055644	1327.5401721490105	1327.1436398346546	1325.8466486119207	1324.079627492844	1321.647488977965	1315.8117021247765	1315.8117021247765
10.816106823317906	385.2504818229257	379.3359045918759	369.08954630362274	357.9156736537029	350.0614923878124	344.821013325886	344.821013325886
1244.8814246681502	1459.0960951216707	1460.3001705758204	1461.2340885754468	1462.1392557155316	1463.6892951437155	1466.7550347485665	1466.7550347485665
-496.94409421370824	-190.67386232796827	-203.69967853317482	-210.81743055008835	-212.65526807222597	-211.52997281549676	-206.20322146697856	-206.20322146697856
919.6681694303353	854.184615031632	856.1118696513498	857.6606139543111	861.0435199163921	865.7024213786976	875.8251550215908	875.8251550215908
-1081.6126464344138	-1376.4662786274728	-1379.3639083281948	-1380.75389685946	-1380.3510799817725	-1379.2008635333805	-1377.9384011245083	-1377.9384011245083
-382.71448741390304	-330.57071685871205	-323.66438758156335	-315.03718248608055	-302.6002619377422	-293.07062902275504	-278.89678322644164	-278.89678322644164
-918.3456393207641	-661.0515357275532	-655.6680853108999	-652.1171205631086	-647.1822719128514	-638.4530684277676	-630.7282349134904	-630.7282349134904
-1239.2722861918303	-1388.4401434769773	-1390.6691000685007	-1395.617425399929	-1401.919044274905	-1407.3293995155075	-1411.9668404221004	-1411.9668404221004
