# initial, wec=3.0, wec=2.6, wec=2.2, wec=1.8, wec=1.4, wec=1.0, wec=1.0_withlocTI
899.0220125995894	1463.1117550466329	1464.663714140568	1466.5443633617651	1469.160740876752	1471.0912924596282	1473.854417890323	1473.854417890323
197.81587566582482	-567.7045045180133	-562.231085367015	-549.7685713491517	-533.5005040451762	-519.0609504337301	-506.34484654479894	-506.34484654479894
-354.7333750310504	-698.3039335792149	-699.0874491077317	-701.5206401937024	-704.8502752657148	-709.3995506589036	-720.0756628743385	-720.0756628743385
-881.0800766144869	-1346.5164107229218	-1349.1319564376076	-1350.8286826270726	-1353.2017921787628	-1357.3423405278384	-1360.981505854546	-1360.981505854546
49.71649252240296	302.24377896738	336.12617458887235	365.34463151231506	390.96158485543	407.79159466825814	416.5718797794518	416.5718797794518
-996.5549054635618	-1449.6677353901955	-1451.2392010053968	-1453.882724133015	-1456.6731424548223	-1458.5804142125603	-1459.7784197254261	-1459.7784197254261
1162.193697546189	1233.0490207841442	1231.692546286937	1230.6169703620317	1228.2521984516711	1224.9733981967463	1217.748561454188	1217.748561454188
127.32959026606538	347.96763346320313	342.7946648662974	338.81163228435975	334.8861210331952	328.04541627320737	314.17353070183987	314.17353070183987
973.2481210982336	596.1014088911617	589.3223300622928	586.1064372522517	587.0532724131313	589.749662891033	592.5531758199601	592.5531758199601
-88.94948751497745	-330.61154326528896	-323.6668128969113	-315.0359201064078	-302.59992972002965	-293.0706632119967	-278.8425271442919	-278.8425271442919
-1225.4834523214488	-1388.4205430075774	-1390.6459681409403	-1395.619762712605	-1401.9191175618037	-1407.3293036006069	-1411.9542827061994	-1411.9542827061994
761.919395129615	1327.5434542200344	1327.1310179308148	1325.8464459670718	1324.0793365424365	1321.6475966015987	1315.8613300210993	1315.8613300210993
-803.9322232343342	-660.9792430037767	-655.6241050398785	-652.1210551016396	-647.1822847125172	-638.4527450171772	-630.6578636805237	-630.6578636805237
-197.84942858229803	-190.73294956487916	-203.71358938185267	-210.81346259665398	-212.65496730502255	-211.53042625307273	-206.15869184656887	-206.15869184656887
299.5721377179881	385.3095648079262	379.34783730617755	369.08674385063284	357.9152917260682	350.0617608882624	345.0318323288537	345.0318323288537
946.3953155134969	854.1604767863391	856.1153378498356	857.6607011380586	861.0438647355668	865.7021333419556	875.8358528240155	875.8358528240155
1448.0621524546293	1459.0813982998113	1460.3053851831773	1461.2346425024355	1462.1392840422031	1463.6892467753403	1466.7293522042798	1466.7293522042798
-984.6614814650878	-1376.4676206963554	-1379.3836287295694	-1380.7531438413769	-1380.350845020639	-1379.2009795480521	-1377.9988148869684	-1377.9988148869684
