# initial, wec=3.0, wec=2.6, wec=2.2, wec=1.8, wec=1.4, wec=1.0, wec=1.0_withlocTI
-119.50621722913822	-184.59818751313415	-184.59818751313415	-184.59818751313415	-184.59818751313415	-72.33269146714835	-60.0455911635366	-60.0455911635366
42.898961990102705	-33.19236166813907	-33.19236166813907	-33.19236166813907	-33.19236166813907	9.72091569024591	4.0804671335190745	4.0804671335190745
-377.3236952679551	-514.1892276645588	-514.1892276645588	-514.1892276645588	-514.1892276645588	-557.5967097317232	-553.3436181045432	-553.3436181045432
335.172543373731	376.9966778490969	376.9966778490969	376.9966778490969	376.9966778490969	202.74840854635195	187.5790805835823	187.5790805835823
467.8617243767254	599.1407658084606	599.1407658084606	599.1407658084606	599.1407658084606	580.8852305105203	579.0742991933863	579.0742991933863
-126.11903715691764	-133.2694007235647	-133.2694007235647	-133.2694007235647	-133.2694007235647	-238.00525322344254	-210.05263750008936	-210.05263750008936
-469.67536838550643	-571.4828872409194	-571.4828872409194	-571.4828872409194	-571.4828872409194	-539.5916506280917	-535.0919346734986	-535.0919346734986
233.89002203446506	353.704453971512	353.704453971512	353.704453971512	353.704453971512	503.1136014286599	503.5560190658996	503.5560190658996
59.659487512668186	82.81172867228705	82.81172867228705	82.81172867228705	82.81172867228705	105.95770845355615	106.84431060968102	106.84431060968102
550.7873855980947	570.8984290187593	570.8984290187593	570.8984290187593	570.8984290187593	595.624552718364	596.9896003343478	596.9896003343478
173.2719743077749	157.93701750090932	157.93701750090932	157.93701750090932	157.93701750090932	293.2312641241389	295.96896254340396	295.96896254340396
-220.49587880138307	-309.2139459212096	-309.2139459212096	-309.2139459212096	-309.2139459212096	-221.55874790134663	-231.97191450810016	-231.97191450810016
-372.6549841528971	-466.77980388408656	-466.77980388408656	-466.77980388408656	-466.77980388408656	-564.7063814741106	-569.9286975396266	-569.9286975396266
-28.83341988328265	32.118292477776585	32.118292477776585	32.118292477776585	32.118292477776585	-150.24105036375857	-157.07745220476838	-157.07745220476838
-553.7731038818058	-585.0144891318566	-585.0144891318566	-585.0144891318566	-585.0144891318566	-550.7765368383051	-562.0331402811119	-562.0331402811119
182.47639408113	182.80447704855706	182.80447704855706	182.80447704855706	182.80447704855706	262.37546447047424	271.4400026357833	271.4400026357833
515.8711866593027	484.6600803622451	484.6600803622451	484.6600803622451	484.6600803622451	326.9270033869489	326.24150061784974	326.24150061784974
-143.12797588389276	-253.04192492299663	-253.04192492299663	-253.04192492299663	-253.04192492299663	-149.77670760954467	-162.46003124967115	-162.46003124967115
