# initial, wec=3.0, wec=2.6, wec=2.2, wec=1.8, wec=1.4, wec=1.0, wec=1.0_withlocTI
-129.08179789316844	-202.86269609943412	-202.86269609943412	-202.86269609943412	-202.86269609943412	-202.86269609943412	-384.3833566084378	-384.3833566084378
-166.57136509660106	-292.1260199261396	-292.1260199261396	-292.1260199261396	-292.1260199261396	-292.1260199261396	-169.61531846076448	-169.61531846076448
3.523027728007988	21.924750267169134	21.924750267169134	21.924750267169134	21.924750267169134	21.924750267169134	29.241954132070006	29.241954132070006
-133.55310270713042	-158.96163982607433	-158.96163982607433	-158.96163982607433	-158.96163982607433	-158.96163982607433	-170.46510452528804	-170.46510452528804
-390.2925331228798	-433.5612241637479	-433.5612241637479	-433.5612241637479	-433.5612241637479	-433.5612241637479	-422.40192457622607	-422.40192457622607
413.41997935852226	315.8560173822457	315.8560173822457	315.8560173822457	315.8560173822457	315.8560173822457	368.53278334094665	368.53278334094665
100.67512905251354	34.706735001245036	34.706735001245036	34.706735001245036	34.706735001245036	34.706735001245036	122.26369715243892	122.26369715243892
254.7281878464399	122.98368187445179	122.98368187445179	122.98368187445179	122.98368187445179	122.98368187445179	201.54673517856074	201.54673517856074
402.83068913079717	440.11416713049135	440.11416713049135	440.11416713049135	440.11416713049135	440.11416713049135	447.66580335193987	447.66580335193987
-72.84738444027683	-38.884333808032146	-38.884333808032146	-38.884333808032146	-38.884333808032146	-38.884333808032146	-233.9860184103388	-233.9860184103388
-380.6666509022077	-342.3617264360547	-342.3617264360547	-342.3617264360547	-342.3617264360547	-342.3617264360547	-416.81010612878214	-416.81010612878214
446.8329346534347	449.4737862073032	449.4737862073032	449.4737862073032	449.4737862073032	449.4737862073032	449.04891804929287	449.04891804929287
213.7930263153796	210.0909296077434	210.0909296077434	210.0909296077434	210.0909296077434	210.0909296077434	134.28570868003493	134.28570868003493
109.25808824015873	120.54241943181592	120.54241943181592	120.54241943181592	120.54241943181592	120.54241943181592	155.16667850199383	155.16667850199383
177.41069268586403	320.59198388148	320.59198388148	320.59198388148	320.59198388148	320.59198388148	258.23175784831284	258.23175784831284
-81.82805014513094	47.58386771945081	47.58386771945081	47.58386771945081	47.58386771945081	47.58386771945081	43.569474798758236	43.569474798758236
-308.4496934575755	-432.95673616469185	-432.95673616469185	-432.95673616469185	-432.95673616469185	-432.95673616469185	-402.34178843122135	-402.34178843122135
-102.60939720737174	-93.87653792492726	-93.87653792492726	-93.87653792492726	-93.87653792492726	-93.87653792492726	-45.77530756598322	-45.77530756598322
