# initial, wec=3.0, wec=2.6, wec=2.2, wec=1.8, wec=1.4, wec=1.0, wec=1.0_withlocTI
-316.73053293467024	-320.23804601004053	-320.23804601004053	-320.23804601004053	-320.23804601004053	-320.23804601004053	-361.05747572524587	-361.06401885360555
379.956327680377	444.97914271453516	444.97914271453516	444.97914271453516	444.97914271453516	444.97914271453516	419.69232874720655	419.6935678864954
247.5138397404488	290.62036850520497	290.62036850520497	290.62036850520497	290.62036850520497	290.62036850520497	253.5611545632938	253.5841497894774
179.0551017250909	139.72132472279395	139.72132472279395	139.72132472279395	139.72132472279395	139.72132472279395	183.33708064309846	183.3302632962093
-71.21325872994797	-57.92526305453065	-57.92526305453065	-57.92526305453065	-57.92526305453065	-57.92526305453065	-48.806946747764755	-48.83226322733568
-274.73625420062245	-420.5747685802376	-420.5747685802376	-420.5747685802376	-420.5747685802376	-420.5747685802376	-447.8743659768835	-447.8742089667947
37.35123389562296	-127.09559785433284	-127.09559785433284	-127.09559785433284	-127.09559785433284	-127.09559785433284	-206.49070675638896	-206.4697428066573
264.0002319894092	96.16718538458974	96.16718538458974	96.16718538458974	96.16718538458974	96.16718538458974	45.432164463757324	45.41360186214303
-0.9294318862994144	87.3427220844396	87.3427220844396	87.3427220844396	87.3427220844396	87.3427220844396	153.16615225032072	153.18813258991597
-161.6635238161478	-316.3924175575296	-316.3924175575296	-316.3924175575296	-316.3924175575296	-316.3924175575296	-268.58424978025124	-268.5754536238992
-170.69376647232954	-67.13070025074845	-67.13070025074845	-67.13070025074845	-67.13070025074845	-67.13070025074845	-162.35254603629875	-162.3493426987116
374.34785508915905	343.57129109825354	343.57129109825354	343.57129109825354	343.57129109825354	343.57129109825354	371.7616721856098	371.7459871680499
-334.85104872122946	-427.8008945374996	-427.8008945374996	-427.8008945374996	-427.8008945374996	-427.8008945374996	-410.95926180632046	-410.962303088425
341.431080908838	446.2596380535355	446.2596380535355	446.2596380535355	446.2596380535355	446.2596380535355	447.34537211776956	447.3426092695577
186.16020258646856	160.16084033104622	160.16084033104622	160.16084033104622	160.16084033104622	160.16084033104622	43.68698148986316	43.68859052851127
114.51633332321924	26.98804228559273	26.98804228559273	26.98804228559273	26.98804228559273	26.98804228559273	-48.97273176326408	-48.99076701906911
49.48806383015503	145.65918529331506	145.65918529331506	145.65918529331506	145.65918529331506	145.65918529331506	212.76738952048055	212.7673400838742
-128.59140169939744	-107.04038085556515	-107.04038085556515	-107.04038085556515	-107.04038085556515	-107.04038085556515	-149.07300945837946	-149.103232961006
