# initial, wec=3.0, wec=2.6, wec=2.2, wec=1.8, wec=1.4, wec=1.0, wec=1.0_withlocTI
-659.853605397253	-880.2752466890724	-880.0760595760582	-880.5948865257955	-881.6897245585811	-882.529637202458	-883.1216510226692	-883.1216553738046
239.61283918403288	-215.87360511919576	-204.8853397935538	-200.92240106394442	-197.88888082273266	-195.49516545898283	-189.60561882704008	-189.60562055926815
11.714550050820094	329.13042629308285	337.6602245790875	334.3390755835697	324.2609909984166	311.1180184162214	296.49942331283864	296.4994251622157
-265.2077895190094	-729.6382421440032	-725.9009044012257	-727.3126256954229	-729.4614025700448	-731.1213522203875	-729.5285412354885	-729.5285414558915
599.0057955304636	421.36623881662825	422.18696823805135	420.28778011916205	423.30088644779886	426.2401059509915	433.3061894335931	433.30618737033114
-158.69315562746976	-167.97249302315373	-197.8488204001651	-219.1490647898053	-239.45057732560636	-255.9468012855451	-269.5299558884345	-269.52995010594225
753.6714427843574	873.3018719296293	873.9584913808591	875.0388789031175	877.1624219111094	878.7586101073709	880.5261148055331	880.526114052527
-474.8851414459745	-370.2381759498995	-362.3446604777773	-358.7086789872045	-356.90343055090284	-359.72855780452096	-367.11517719465894	-367.11522742981913
356.89017282973003	792.9143011823573	798.5521374374312	801.2036043356027	802.9205780280527	806.8984665130137	809.9521857123873	809.952185533478
51.49363782413432	187.39127546704378	188.32453202380856	185.8834199849275	180.61901784644294	176.46937260426495	173.48241840312048	173.48239625342603
-526.8215422825829	-873.7268375486582	-876.368642488819	-877.2856939168879	-877.9749374821184	-878.511036131919	-879.800948686244	-879.800948312932
417.51291923102826	837.6593358702145	834.2574978621076	835.5940297446615	839.5563171800497	844.5149962264427	849.7576666174623	849.7576659721734
-673.785909251694	-526.9041998657791	-532.041236174324	-530.1097476272491	-527.1489942706439	-524.8443277335361	-527.0560762602215	-527.0560759551491
43.68737656842767	-795.2675610820104	-794.8321608050967	-795.8380374692468	-794.2394849996491	-792.6659902373276	-788.8255486471894	-788.8255497805502
-124.69890493145934	101.28237767537992	112.81278114867774	114.95882905397184	112.35115382523402	108.0400773523152	98.31231074987141	98.312303305961
471.7624106015666	-217.58639784416874	-214.9338394598353	-210.49218627939743	-201.45988580123057	-194.379281721042	-186.20891800736382	-186.20892156810376
521.5139175357263	820.3192631716495	823.8363593733221	825.4260012982932	826.2081706573695	824.9820390165454	821.7216357583235	821.7216133150887
714.4886140153874	425.7780066984561	415.10779780590184	409.96680890025823	406.59383342485427	398.6412735968296	392.39961373544594	392.39961410473177
