# initial, wec=3.0, wec=2.6, wec=2.2, wec=1.8, wec=1.4, wec=1.0, wec=1.0_withlocTI
-680.6855839803418	-880.2726133459863	-880.0760547522207	-880.5944001982374	-881.6905035180932	-882.5329176055891	-883.1227564130113	-883.1227593130409
-171.33213086624517	-215.8938332529923	-204.88526381199776	-200.92955258266997	-197.8889978829254	-195.48747341111394	-189.6123405336962	-189.61236195909345
207.52940731988886	421.34598145532385	422.197610588405	420.2878823592327	423.3009214202773	426.23249650495774	433.2873669913497	433.28732793641484
-336.22921751616076	-370.2226856987818	-362.3414329333329	-358.7066122280502	-356.9036312288681	-359.75407719804565	-367.11249433485415	-367.1124872215546
96.20314773142104	329.1424590115668	337.6571031204975	334.33427297958843	324.2550408736359	311.12441225248665	296.5117962765815	296.5118068762858
203.65969567998928	873.2969118920279	873.9587552576896	875.0387866132141	877.1631021573556	878.7601719305823	880.5196251953357	880.5196233467709
-789.6242600553096	-729.6393260921492	-725.9022721396856	-727.3164906611139	-729.4591129823237	-731.1175351392034	-729.5271838656596	-729.5272135062545
-390.05668499657565	-167.94882002905894	-197.8500944783217	-219.1632697269554	-239.44966484171277	-255.94487027434408	-269.52723206036353	-269.527206629682
35.13774688895586	792.9145549990506	798.5504359335526	801.1977484259976	802.9179183276436	806.8970885584432	809.953805433284	809.9538302538283
222.90813670995445	187.4036466739978	188.32455456902548	185.88572387942443	180.61521541757432	176.4529663750848	173.4767912589074	173.47677649564775
-536.6440414592832	-873.7218395275997	-876.3686603868612	-877.284056013201	-877.9749111037232	-878.5127476248363	-879.7995000665459	-879.799495448988
-855.5165460160132	-795.2782935079522	-794.8265079181216	-795.837983506286	-794.2394663652591	-792.6700820159364	-788.8358876253977	-788.835909077244
529.7475526930906	820.3262544781459	823.8377789242701	825.4268994549924	826.2080839957594	824.9709109655822	821.7228343567227	821.7228375346546
872.2348632701721	837.6546078260694	834.2587612572825	835.5959513493787	839.5586152707824	844.512640580676	849.7533493131176	849.7533456144554
-10.669561824687124	-217.6063048297621	-214.9327666395692	-210.4925698261589	-201.4569239838991	-194.3722208252343	-186.23960278595024	-186.23961152574577
-409.7316974034054	-526.9026988478649	-532.0393701047884	-530.104444854344	-527.1521625733427	-524.8496449574639	-527.0579550686095	-527.0579140415213
-73.47264571814107	101.28678053561715	112.81360397898158	114.94931258415411	112.34797603974785	108.02825853477295	98.30839555562947	98.30840529513526
354.6197289768675	425.7775349195273	415.1110710116791	409.97825299538096	406.5990856839701	398.6440623863697	392.39627045146693	392.3962192187288
