# initial, wec=3.0, wec=2.6, wec=2.2, wec=1.8, wec=1.4, wec=1.0, wec=1.0_withlocTI
805.1847512601717	977.7377164999773	979.4402025658927	980.3114744739083	981.0543431216843	979.6256622707587	972.9833849762634	972.9833849757307
-727.9991970605483	-1075.283969178105	-1079.018034322423	-1079.9145782895973	-1081.625842595826	-1083.2006638552168	-1084.517802338893	-1084.5178023387589
-178.68156243550288	-564.9906043682028	-559.9553864623645	-561.6176635061187	-564.4077797827437	-568.9216161950309	-577.5233275188752	-577.523327518797
-889.5533346927118	-1161.196927789739	-1161.3147631747524	-1163.6142996423002	-1166.4349607343609	-1169.1473053652246	-1171.66450070315	-1171.6645007030743
178.066815759723	478.6138437336886	471.73530277896026	469.5503519589364	469.36836899309304	473.9135989745989	482.2646408167417	482.2646408169302
-82.27723558935321	238.66333939557256	266.20924365803785	291.966917973168	315.3747948263813	334.04319866402767	349.1527933277938	349.15279332793637
941.951094729091	1171.5542727317927	1171.9830048698227	1173.297517040975	1174.7415075303502	1176.4659118610466	1177.8251336021642	1177.8251336022654
-476.22513349653894	-460.1042353163975	-458.2815715307005	-445.731713060931	-430.9518787551078	-414.2540493320356	-400.4633384704971	-400.4633384704971
628.6424575631429	268.0640926954247	268.71563269768023	266.57330296056284	265.2018963912632	261.7044033871712	251.19320476824427	251.1932047678225
86.31505031510187	695.7219031491279	693.3230775759248	692.0906124289875	691.037173995623	693.0610087301387	702.3555599268307	702.3555599275686
-325.98915194385415	-532.6953999828777	-525.090549359079	-523.2442103443182	-519.6975434124038	-516.407127975502	-513.6352172602823	-513.6352172605658
669.77495113137	1058.6716341394522	1061.343472260503	1060.4648039867352	1058.9824635567559	1056.5643352992158	1051.8872592495486	1051.8872592495916
384.54228733886566	302.690769826241	302.2383620604129	293.26057123277195	281.83236573650083	270.3600901764697	259.23405986104103	259.23405986138295
-813.0107965014749	-1100.4220967583078	-1103.3883291151242	-1104.3199118330838	-1104.3972719038975	-1102.4544891773828	-1098.827018332685	-1098.8270183326022
-222.0615573126004	-149.465270886167	-161.8786298716098	-165.7529701042063	-166.49907599673148	-161.23855926561404	-141.93632767028842	-141.9363276703472
-557.2388528099319	-259.7317623950992	-257.7902991029075	-251.73981988097626	-244.9130263692516	-236.49092631445492	-229.62568378786287	-229.62568378734335
-911.4892047057438	-1108.2888151433472	-1109.0437336199543	-1114.1468667091629	-1119.9466407816758	-1126.2298089697842	-1131.2069282589564	-1131.2069282589564
704.7153640787869	1169.6758745259456	1169.5263610210905	1170.016527363527	1170.328139519343	1171.115197258109	1173.4146640801193	1173.4146640802096
