# turbine_x, turbine_y
-59.77790862316663	-748.5158193605562
180.59915041795378	123.81608380495157
-332.3306421032463	535.0655973579476
327.1214793891591	-5.517445580244473
437.4115932546249	-316.4899834009953
191.44320509887189	800.2309586458493
-473.855465441714	38.51477240239696
85.86672652597196	-371.82629676070746
-255.4840386305818	-354.4222846802855
-87.13871554900017	-188.90350296628756
421.4378725160957	791.4209755653942
-184.9123462755262	793.6170448036524
-510.4815377878304	586.5825529654833
-783.0546161251098	46.3433516642108
-679.6052893512648	-265.81040165185135
-321.27539020537483	-628.9675247334225
