# turbine_x, turbine_y
108.44968044233471	600.7399872147795
-569.7164653005191	-278.70980738844145
332.3695551060511	-343.20365609574515
132.4835462885626	-581.1977680958363
-268.67213706862117	-228.8512261055999
636.2230245440049	-60.28086540337219
-542.6388557011717	-439.92971126454086
-463.20266639081626	470.7399925382592
-8.676372445185176	202.98859163587517
-198.51811768808884	505.6335794988061
-319.9348323379618	-522.0937141589475
-727.3502439991473	308.701635246734
-80.83291118137072	-533.0274346088289
-740.0732625855468	-253.64221291183037
738.7086230134777	69.90567800819711
-522.6375958605792	-657.7743008943788
