# turbine_x, turbine_y
741.3333646821126	166.63576447163572
-593.6689050742527	-42.61116151964623
335.4678563153185	-464.916819870108
171.02010947437645	-500.72918944097114
837.7130007478482	-304.1099193118481
175.9070433810141	838.2957127975512
-883.9773485283575	109.48006303063451
-745.3638863712501	485.68523346131747
-145.22478048256832	-339.59038750857894
95.24277905472758	-262.61731060576733
208.23197871346392	-91.97214946406093
-655.0123111969699	-208.6109805996684
805.0445621523118	372.5313639024694
-77.83755813614883	224.64261842806562
-282.5258578212204	-602.2178097923827
106.18907164978194	-733.542332013658
