# turbine_x, turbine_y
-322.2325707483037	-612.9258956194288
80.63735713565893	-25.860940329283988
514.3046585189737	-653.4333495971455
641.2125990702974	-62.78936226062957
-174.87130166892558	264.5472961416581
318.3606961784086	644.0945909450239
-614.8156296373784	652.5858216228784
619.3985328995567	290.27988368182014
471.9088236759998	-471.92507414891355
-836.6516081246525	-319.4109556482827
-448.92262108925536	-245.76957884871115
-518.3336834259338	80.12360549879362
-878.504217109957	139.66591854990503
855.5564668581824	-236.57766369998808
-605.4352216731114	-333.3632173115085
477.93151285444645	447.2468647965555
