# turbine_x, turbine_y
760.6706385077483	-467.3467222277337
-428.4007735774405	206.84357020610128
-201.33332401784418	359.0601511857749
-276.99396479039365	-413.6410719575587
217.1057935231774	-568.8569586394591
671.9430132125354	337.1384592744841
-415.69423275665145	-777.4855971376572
-619.2063965873859	91.77490515656021
455.7497373175603	121.35514941345926
-469.80014618534483	-224.3207433183824
628.2912764515638	-25.553546331876476
127.66830346071521	763.3819476146538
106.96292087009508	476.20969045691106
-587.3253325176134	601.7362173421144
-42.171169718589674	-410.639631604523
-108.14234636075311	-237.40287139174967
