# turbine_x, turbine_y
-38.75934898886912	-310.87560840130635
600.2059019858664	14.143923344784959
-613.5921020260778	-443.49975759189897
-470.0521819360953	142.76828520313796
-728.2106070381391	305.26906486641974
779.2651648045484	-168.39355214269762
655.8357049675415	592.9774484933515
-472.61250006838776	-731.8380682575195
286.92820094976923	187.95125116444035
277.95648008374474	-601.4832691598751
221.51476781273453	627.1479557299634
790.9392210971404	257.3171293277648
63.427723675081715	709.9978892682481
16.20686910130038	-752.9629872787563
-464.44451066705057	-161.5554904177892
-72.84559599640383	-617.7412517073567
