# turbine_x, turbine_y
-299.9132456861654	223.79278788693657
193.69178498525991	-403.3964916863948
-551.7997119362993	-610.0295575529838
436.8677504864353	-157.69034319075212
-617.3269459687124	621.1234850067955
-92.63669625848704	248.1088295598619
246.1214821994776	228.9256916010082
100.93811840057434	614.4319750745908
87.54790961776591	-568.3662418134157
739.6156004467396	356.18390440591384
-145.6192098645169	570.5331547619516
-124.28877724077303	-522.0034447571348
364.1457596438941	763.6819873971858
63.39508140765746	-246.6681346459013
670.2008337433421	513.3353644989627
-477.2643029241413	-185.7655456956734
