# turbine_x, turbine_y
-565.0708688265499	-326.58874019983466
-385.1636442306785	674.4446985531996
457.81741148909043	645.6315676472323
-60.6896970043989	-782.780880276101
-564.8535074002745	-66.40754226225968
-813.2967250989492	301.2604102007126
103.44117448902583	851.5216834185954
-303.81453187814225	-774.2851383120787
589.718643752198	-602.209769210353
494.2154535818975	53.9322705166275
60.7573355196684	-122.71046110795076
-127.50472729995943	209.81779995664257
74.72119747666932	219.730622105439
-78.8219112841893	412.54045186007573
282.51270611021215	-53.276245093909665
724.5986766477126	-265.1258978370546
