# turbine_x, turbine_y
-322.85472821149267	-346.0980356773095
622.9178809765011	-86.1206561014602
-331.68312139182365	234.57235888239137
100.24941142801413	-92.2621747620977
-589.689785206361	-335.6555951881199
702.9626391347244	-392.06268411202234
462.0326615853406	726.5163870092105
723.9275585709347	83.57129697070916
67.25149879571406	473.34886572010146
853.2155267128542	-34.30308289377155
568.3406798831553	-257.7727725126511
198.6425535596413	818.2183714677284
-386.9892161137438	24.933258803272285
-11.792109457001576	-272.28556793272327
15.635154198267465	667.0851749777576
172.22022735110468	614.8448091697032
