# turbine_x, turbine_y
-455.1598177451706	707.0557041293954
-597.0066149359752	-1048.3946361704388
789.0459269135505	613.0881126623076
-1319.3991016200287	2.0634355788816894
-1049.6588062154096	-136.78368618869388
-108.51651635133757	-666.843086415335
-991.0051817950085	829.6665428615605
809.9917096774311	234.16299632331553
360.63509005822254	-478.5253446767857
318.3502622382476	-911.3302526368161
-1250.9824873007728	-322.98510623011754
-294.9339286937404	-283.0607146013895
-29.408531356219836	15.068667469169528
-176.83720829605343	-1136.6585501384247
333.1052527835293	169.88195561609126
-643.8766651812181	767.6720285370963
