# turbine_x, turbine_y
1048.1625176420619	-685.5362385822447
-270.457878906245	-1080.4196599018173
453.61129402345045	205.53420923194773
1117.2627271726985	-337.49264173079644
-660.5904856611784	-154.75424390837932
156.2820178017963	-981.27206789521
-287.6724799909051	476.88552297579093
-1097.4036744212594	-654.9501543924953
-725.0140983603022	-336.6156837750628
-1234.9490024289203	42.66531371725151
1232.99824591617	373.6006105421671
-652.5690212722793	170.59229725271052
-1239.15569159162	-209.11627076125447
945.3009694220357	93.32988714869322
301.1934682899076	288.4336153152498
803.28018193319	-813.5400324456093
