# turbine_x, turbine_y
658.4240974743024	-832.1696515724217
-270.44945184258376	-718.4876096059876
29.526616240050174	1217.0352677091128
492.85351142720157	114.84367571929988
487.2876166483081	-448.69693220687157
326.7115560430533	743.1189218930322
1203.9412952219548	-96.43010181768213
212.44417139576566	-952.1662055706386
12.812369492915465	-378.96232837589713
-340.1623099008009	-1273.4703065103047
850.0984554582063	376.5750891868761
-982.8633085057942	-604.3834098153327
-924.4667875404513	845.4390622328111
910.5823574021856	887.9983919303487
-1213.1992313040894	-164.28775591335943
-416.0866145795465	-969.1613541426339
