# turbine_x, turbine_y
-1108.9015669731245	431.41952404503513
87.31732141992596	-772.3112776233487
669.8151517014294	-109.16628759609029
-888.8056607928522	-397.00493468998997
-595.8012247563606	350.06172997284415
-648.0570292175933	-46.909487926025136
-684.632280135404	-1113.8579555869637
1092.1288874270615	235.57825394430773
-198.28472467386976	-1171.9041440108297
-935.1557216410362	-721.4031559253937
528.6166094837581	690.5963833150175
1316.9915289111848	88.79035160627863
-1102.1492685630028	-122.52704461832438
-303.88484554981255	1033.2242080525762
954.9623808891965	-129.28271504842888
992.8354125401835	-912.0164101361082
