# turbine_x, turbine_y
-1029.097047328464	-317.2593644214755
782.828124153592	-415.7917257671401
995.4876863188231	100.61678391966646
327.73276692809776	-309.6473746784876
-566.4919952967947	959.6303465404018
1277.5986957405928	245.53008204289588
377.1752434012069	-60.124148168927725
-4.4079760518878075	-292.47595272480066
-40.785762278271505	1029.1229339157785
-1083.1384105361058	-749.7632757963603
-72.48093054509019	566.0942493828576
34.95535413183983	825.2961585570613
-512.0703448386541	-385.5873329617275
-228.33106482631536	-91.03679176161634
-89.83042715093919	-1255.8204983161088
86.25351243923576	-1099.9184306570137
