# turbine_x, turbine_y
556.4483218251768	-498.9942255629364
-553.0299537260688	1032.3318726713292
-251.7422954844722	1242.6819569732359
924.4723055552963	619.2137480895693
767.3549003495608	-583.1558151750353
-932.2700460812084	607.7245574665634
340.9568146861836	-488.2180231858274
-277.8152951971154	38.19011838187869
-558.4363679369659	-437.1916011315913
-497.63525628402954	646.7066126042743
439.7374916154275	-304.4650259719992
1290.2252389161606	-192.45383481332627
-1081.879242451555	264.6714431339792
-92.14382209199302	944.9009055967435
456.7388250921276	984.7072077310726
-770.4736332758973	-426.59152381189676
