# turbine_x, turbine_y
-891.1209159023921	125.26611668862286
254.30468417367345	611.4777659862516
-576.0046119009561	788.5410093645636
-558.8683821162481	1061.0439768595415
909.0782525806899	-638.8618094515629
-422.7561880260453	-497.83807963262296
98.40144593826187	-702.2552355541968
1118.335742291979	592.1154058503442
370.65592072160155	791.6726877729807
916.7192124119812	118.53572644506207
1013.2969067721414	-373.65595953044095
-1184.322690914099	-55.45416223860933
15.926466364038605	-66.42003541810712
-466.5897173447216	-811.0634779045221
95.48574013565081	230.2036129569665
195.77182897782114	-330.63889954645515
