# turbine_x, turbine_y
-175.72861609363147	281.77549684986786
-987.3673841671729	391.7470122362029
494.7143371672533	-914.8326324066211
-459.8076465550754	694.0516998314813
290.84194310243663	-235.86331377440328
352.01063114340866	-698.0270889456018
769.8294909855983	-954.6832341945723
-1166.575693194339	262.1101248249457
986.4692369526489	643.516675238731
-409.80149849577987	-24.875916020846667
569.5272799104557	372.90749334567806
969.3883013831885	-28.167747748823135
603.2517174179814	-61.906881580861
-449.307984369983	-579.6509146761969
19.15046394793243	-51.802354149733176
624.3946341697641	133.28832049744886
