# turbine_x, turbine_y
-324.50127506791	-1134.6264184691872
-1026.0786205558752	-396.1713801297156
-844.1698638485731	-942.9060151458583
-344.3231031696048	56.167041254968495
-251.4375964719244	-629.598753653085
-229.00858506762543	-811.0370809392768
-912.2663143244508	-644.6293431791436
689.456357310207	-161.5851897157877
23.19111984208031	990.0425128652766
-834.523686558615	756.1598578203125
32.14012623895841	391.30780501383276
1189.1962204163904	-538.347800869671
-825.1266423424252	-481.07179768800535
429.6459719305342	1037.1031831497926
-977.5068559138739	387.653141240682
-487.8048849204452	396.19968077548765
