# turbine_x, turbine_y
1240.549289867771	-132.6161294813915
723.6001961929893	-207.1735702196742
-1033.3679464758086	-290.4235820637745
-367.932002684485	-854.4124830030463
495.1882715703025	693.6954221962569
801.9446880541224	1012.5584657827271
-484.6487001159476	93.5868187968739
792.2098033703319	-429.381876347214
282.93555756744644	1236.5206849008528
-80.4462012022547	-75.95597283838504
465.0746498859243	-602.823950947968
-1111.7079056644575	-140.2606686428471
1034.8023973475256	620.5763432668158
-625.7898535718142	1070.8038146794734
-530.3542823688671	698.960951253828
-163.18476469809875	-722.1512560383588
