# turbine_x, turbine_y
275.70653656366716	0.32750670157404294
-906.2742208475358	-492.52819587551386
216.98212909357846	-340.1398775951235
873.2358027193975	761.0574139284805
-787.4423008000589	-673.3944298080478
-728.5437742402997	48.86867214743451
-1133.5825408214712	-455.3634079817459
437.69140948845285	333.82834353062185
1060.9733301479816	288.089043520602
1094.8723425744145	-680.8920774973508
-415.77725885139034	1207.1133392874133
-1.615525255613992	-841.9135410029572
76.14805300034378	824.8642353951068
-615.8689842393211	-350.8308841562432
142.58085964328816	-1150.0324144088297
34.387078210741336	-437.7439094375317
