# turbine_x, turbine_y
385.048468532451	620.7214452328791
682.9955703757231	426.5190587456372
-164.5042204470372	981.9418903571121
604.6047186794052	-1005.4416818323267
482.35543711220816	1062.1621712019366
-1067.4763215440162	568.1182033548502
-529.9258383279163	-783.5548235518992
-290.6748974530025	-315.57255226112625
-129.9653719680309	-47.26340028500942
-965.0635400031967	365.2214531647395
-747.8162982212295	328.5868491057325
3.8248219836997777	341.5078324495987
72.07758113868694	718.9190731023921
-15.103533276908054	1148.0474662170932
-1263.2744636203647	-12.017513318175155
-1032.4205664791546	-793.207239251263
