# turbine_x, turbine_y
219.28713430276184	-959.0498650798725
373.454035751344	199.11058444051582
-257.33831601392063	-1072.4676325177293
256.0545089485409	-1266.1023380105012
672.799442837924	717.3336875797036
305.08017981537205	1147.812188568221
598.9484756603589	271.9371088430579
-1234.045840821611	10.628945256639444
23.720754566848523	628.6993908508333
567.1549291320514	-242.062225670204
-1032.6787102925182	-414.4910953298288
-325.7635395995229	-420.37889911026843
-346.70698600722704	772.1503050073152
1252.1924471072043	199.97680753832054
798.3236930118641	168.77947964703029
-865.4980090767211	310.2678886979743
