# turbine_x, turbine_y
655.1117154404313	-414.9456533945878
-1045.499265830749	-693.7712734234825
837.9662306978877	418.7127557772001
466.24312097132827	1005.0608723933603
34.74446320764004	-1315.3969771700329
857.6620674582957	1034.082105751077
-394.80926311887686	-473.90944713814645
662.8131714509032	-240.11776770467256
-742.558951936495	-393.1147497866458
628.7915614245231	112.86002262194148
-353.08509733848547	-269.42567902229246
-687.0408412607648	-983.4872836632435
-312.03651322572335	-1173.4790825127868
492.02972103087774	1233.4903537496052
-617.0982789116449	-1174.1934711374388
-710.6515215952516	-64.11909143463865
