# turbine_x, turbine_y
819.2269443448504	768.3331475389654
-655.2233223980877	-87.91591823402362
651.2085587266818	-631.1198428709106
596.0335140329497	-1014.2257899894855
-217.24763602512334	1044.4202024293818
-221.216900608682	307.6631469772855
-824.4150847219007	-122.79302452898632
1070.4354023535939	239.00611334469147
548.3992375796112	1051.6124850113922
75.4375172846629	-1061.7208531315082
-850.1893995249469	873.5850564354879
43.62238751188858	339.8288258990248
882.6602573834884	-149.4676728654557
-410.2001448874571	-435.01802182418265
1159.2437863695816	-556.2391470077989
383.6694238872116	809.385011691602
