# turbine_x, turbine_y
806.2482029430145	-743.2482171404375
137.18514417883392	-502.66354341728044
-755.755674725544	-824.1202470434662
288.969233870235	-1317.4747543386336
633.110651285024	51.76286194078692
866.2400188726153	990.859310804077
117.88407529994878	507.19104852554614
-1209.6919082825204	404.7107022011195
-195.51758363319368	-13.102566113633873
507.21330261157334	287.76042116472576
-18.69411915732058	-1058.9547294833192
681.4799035654673	644.4383837125101
-296.39766892906187	-549.9174854464126
13.215071772451026	174.2419026039044
-1176.9353482957642	180.4238021928251
332.12546257589634	350.25978755532503
