# turbine_x, turbine_y
208.17587286405353	667.1076743411708
679.8370075425191	-369.9965619197186
1161.4134947583702	430.3989528544788
-150.8266821387208	-1066.840958174856
-1213.4334046864637	-144.25889863735276
94.44179131081607	-81.2460964404707
-315.30119622691996	-359.1826394065223
-421.64267161952046	770.6768986768259
1299.1502087500546	47.44032905082243
-279.7372296853804	389.8421776888348
-853.4720588266945	619.0309226099698
-1084.7691136074925	657.7347054625149
-52.1192567269718	389.1604379385138
-753.3016250317697	-786.3550104862004
-214.5814493077307	1123.5516906591324
-318.69145299715524	939.7039466271542
