# turbine_x, turbine_y
692.7425104395014	-839.8096859703498
907.4090519423889	-510.88517796811584
325.07800377498967	545.511063577278
-876.6708220824623	311.2606138875635
-171.81404352557044	-446.76103539116474
-511.58955082945704	-645.9945602073683
876.2892725064684	-939.3627383896168
-13.48310430364732	54.59512228598528
779.6262300815438	727.4920815912548
327.47948806595434	-622.4001456404588
439.81949375821114	-1241.7575070597634
-656.9481965139267	127.76099538573109
468.95749164970886	327.4956503082916
1090.0322516985336	-625.8385488105843
994.2580139115987	669.6150913874951
-1081.5547878727778	-537.3098063457054
