# turbine_x, turbine_y
400.1832962833716	-1135.142098064543
315.5138099076388	385.64137411376
-301.0762638744007	-819.5962490547377
883.3336729012706	-747.1014310981963
-299.66373151331385	1239.5119882351325
-155.36792408557872	-1165.3652514300643
539.4637999050128	-72.25361481976162
-544.4308698991854	380.5404351055098
228.36343062883984	-671.6778932723927
495.24231855569764	-322.62195953170016
-24.353951021697462	420.1412792545681
1252.3199580628386	91.63210051665298
63.48721648528994	-923.6384525735859
454.7566342487487	563.5306104389977
392.56410127280554	1234.0677509079273
-1277.3078980663126	-157.99828942917173
