# turbine_x, turbine_y
285.3327048833353	-530.8159336009647
1119.4797464897997	-103.71584546409474
366.9350172192938	353.22362911529774
165.0286716752422	-29.876834148570495
1017.521033869435	886.0406841379092
208.03020983859724	167.1000099551435
-462.3244500343742	-144.89011422455337
-1139.568824660294	-542.5386359233455
-103.14183886027747	-11.232257271942592
70.43872689820505	668.0505953638418
-409.14045530503216	1058.2041709451985
-15.916597442560176	1098.040928753527
-655.0649607782211	50.17455886101403
132.2658514816408	-825.9310793701584
-361.37151362437874	-340.76585488809934
-1166.6100868020624	304.82250555168866
