# turbine_x, turbine_y
38.62233272043043	-521.5630813477906
-513.0133440294601	868.8147300831827
-506.84169305227823	-651.4576589278511
-63.485632519517395	-978.7123865574641
968.0969011040319	-760.9478229598337
-957.9308585509282	388.9582250022442
186.1346025385978	-1148.7178094473659
218.72021582407663	1005.648283699427
790.5168129683204	-411.36866780271066
-302.6922948950338	983.8704180451875
-349.55813176326495	-1013.177218242152
361.25892365951387	-1.1449167625233958
-126.3438447552549	-36.24480851589307
370.4109436583656	639.103270206581
-964.849175400574	-21.97708890801824
75.55329475003374	219.4721350958111
