# turbine_x, turbine_y
-143.2532014946626	-961.988251465817
-66.94050027336363	274.7937211267292
-291.8005603333213	-300.57417816516494
990.4079141908494	471.62833496652513
421.3809795969891	379.57348501421507
401.24146568177264	121.285245013111
283.21399550854807	-1309.706255870274
-422.376679781165	-458.07269230277166
-368.55951177000003	1145.747171426965
-851.1089070280166	905.4408140252257
730.2660857813368	730.9868014288276
-33.29575243901299	-79.54864044963648
-649.3565489932623	-34.844329908705205
-360.73241335398853	365.45551144510074
-646.3650014917586	-633.2316294242461
691.9631334144076	-466.01626366612635
