# turbine_x, turbine_y
-161.85374129087467	-891.1415642833739
-785.5276703613503	-374.11621933432036
984.6319786000136	230.53979833873464
42.541949350097056	824.8481628830635
473.4164183052236	312.377714430536
-1194.2860738072413	-216.32898766166198
173.26937604985807	614.9750477256827
1196.5887583114798	86.18484771239014
-837.7016569850495	-85.43409377794995
-555.8610964053127	1112.6120889846045
-908.0213184211968	204.50496984632167
624.7977574606379	217.36295310538415
-434.4289468196977	-607.7307579547299
452.3021452875279	-1054.0023296894299
-833.3677069798262	411.29783383079945
-441.10901166978283	-296.68025831039904
