# turbine_x, turbine_y
-66.57386098186949	-385.76899063677826
301.3118870038843	-281.3818207071571
-647.4498976020137	-741.6866647059535
-190.85129054399016	-843.0656679430316
-58.299427183061155	1208.6938493609503
1140.9112686554138	-54.49063583721774
-838.7851790156298	-729.7772341517127
230.00181247330542	231.35778000561857
-320.49326783380644	-407.82240143305387
1029.974671559013	-383.23040721628774
948.8716768958526	668.9607265233491
-920.6121934231659	23.987751521656975
523.6902683895249	-1226.0004703884435
-1209.305139854687	-501.17244541064866
775.5482959996772	-15.207398957542706
-154.0346936481888	-1062.462947475937
