# turbine_x, turbine_y
-1172.7795076359816	56.00078113876843
-740.7458441326396	698.0253365801248
-639.1797645801439	871.2342338376299
391.78884636684296	-679.5452149345499
-660.3521792309692	-663.8115448820006
-1054.5290776222278	689.9185580146043
1250.9796746721456	-486.00794357212294
883.3680555158637	-217.7149300236687
232.91390896276533	-715.5979173332399
697.8754188385226	-14.715383164517792
466.863233846169	851.9032741460965
-717.2631432356916	49.59969202382344
50.68267874509442	508.87888793329813
103.41448422713242	-276.50787245028295
538.721254603699	-577.872999199408
427.5409451373515	258.9830380096015
