# turbine_x, turbine_y
-115.7391840097303	-894.7424159014428
343.6202763894742	-1251.8097636223288
190.18872889016717	804.97211800601
-673.2274529541901	213.76114758486824
-1322.6435179994967	268.34165605462516
1130.3771196444236	-163.43134769485843
603.585721121786	195.49165262186108
-153.0110113830549	979.9759145136168
502.13215685776777	-287.4392715529127
-546.5275525209343	-680.4325551099616
-815.4064136414372	833.2337582136294
1188.6849237017955	56.468391841601395
-986.7629817043538	-344.7464261503801
-195.73104897673716	-1284.4663747448883
608.6367836756096	-2.9195988924523686
-210.8073863599502	-1082.8635971274157
