# turbine_x, turbine_y
217.55453342003773	-99.21869757844273
196.59919356093826	-1017.0800379033437
-682.8355251340121	76.7842077459087
-1175.0732016808408	-95.02075507632645
201.90771075275325	291.2071550043199
1307.1102903966603	-216.95557567720996
-938.4785113359567	-293.9032831403098
37.552509424923656	-934.6370990149837
-27.1279137521526	129.08402023414828
495.9890462456141	-146.46527882767563
118.35865942466208	980.6578977829699
646.1344980116087	1048.9542077094
508.28908998213234	30.648341072660656
-1189.4352912775753	467.08639997871416
-261.761523252673	-841.5655487017445
943.2955202726413	889.1123793621618
