# turbine_x, turbine_y
-828.5229994306341	-717.7918231624444
32.70483345014172	-1187.000597416098
159.24444629797466	1006.5040373069171
1104.3962158673237	360.3516577814775
759.2119776978352	-1063.010502400616
-101.54271946122475	609.6436990525697
193.18538861947522	-455.45163047414985
-341.9772213474014	-1146.0012942047717
-703.1007733006006	-497.6794231485628
-1177.667642548773	50.57388525446092
-352.3369486232824	883.7298816512713
836.6714868996773	341.34344161734947
1056.8275072190386	55.311913747616615
965.3029498055452	587.4180879950162
-947.4353906447271	-177.5315692186382
-479.71559548139703	106.6324603100592
