# turbine_x, turbine_y
187.6259431578144	167.79712062716442
548.3891123646019	-296.951894490017
-931.8942826247327	126.829166741684
-1006.7552628280213	-554.2555681358771
-755.4351178498005	67.4532613396134
-201.7694960989564	1089.7232329793549
331.2637381073176	-97.48705042241622
63.77653908852356	1301.4505326732824
-793.4511835094158	331.9636589334511
51.11505152435471	569.1052141430446
56.2561390205671	-232.92692819820468
-730.4957269113338	-820.7184255023603
-311.2974676253311	-439.2473392109776
-1074.6654898869333	-311.8237147109329
482.9348067454476	-1245.8889418772353
78.53664669269031	-444.74562851642963
