# turbine_x, turbine_y
-105.61874312223303	-835.6858582861753
667.4784712464549	-134.1215003886371
-372.40758394269426	25.79808499631513
-520.111825682875	-264.72308890621406
573.8747803292006	-558.6338391980673
-191.80650072273923	-36.451080348717866
65.33300229236825	-671.27343726626
194.22280565258725	1106.676882627353
1054.270395476467	-316.0318723701905
-191.49058579907634	284.9447442173396
-1055.6356829503452	284.4879474774865
403.56939947788914	127.67953603698152
3.309395247388913	786.2891978232154
80.09523409205728	-864.6729099130265
-1232.735042453601	-58.945070422408776
-408.1616182246963	864.7140830591143
