# turbine_x, turbine_y
-861.9435994330513	600.5463542347358
1224.5868744772783	-74.24476853797684
-62.17906890848859	1169.048616524682
-510.7879437002145	559.1548592449597
1255.130171825654	400.15961485944456
88.74469529971924	748.1429213318647
289.7667979071478	732.6670894392785
709.1387765291296	-160.06530031747755
36.547049142025266	-86.08135360325626
-1149.0094116404043	495.59254800217815
986.0168188126316	170.70946336567226
315.92399558127795	-926.2559428355646
859.5874947596124	-56.150138548789386
-472.8677748255193	-1151.250135407744
565.2190976696438	-1061.2023596316246
-230.5579060294259	1320.5544632700085
