# turbine_x, turbine_y
-714.2465800936744	-520.7921359800598
1217.9063825269109	-7.726546697276904
-1102.2792984878336	-390.6490901306746
-631.2952238370319	596.3933256816703
-40.350564895204364	678.4725216960263
993.8130652668985	-228.86851993887691
-430.2056495412366	-1216.5980390566258
-8.916198939933384	-397.88640234361236
880.851294573548	-719.163075357666
441.63405217778484	777.583879470776
436.3306587291384	-1031.0737656094955
494.3113769998091	153.6353253410778
-710.4154882622029	104.61368684477215
525.3670297156253	-832.3674732079778
43.6776234028629	-702.9374868062653
1315.6382579185565	136.232051036778
