# turbine_x, turbine_y
202.77587195467274	794.0500431722571
747.971334064471	608.7673666428291
-144.42402023504016	-129.62331568570505
618.8032903224832	825.4016187059394
-821.6216454462154	170.2584875503512
-588.0074133922304	532.4035850669355
-146.2260583981918	-658.4606774870017
202.7652777606487	-1143.5123381555027
380.65716907705934	408.291756765259
1075.6728753701482	51.15331717432419
68.6157669977252	-21.02752598086233
-1239.6111926502172	-427.34588641762355
708.8384297771734	-408.3004252035074
-768.5880093719963	-223.35928436306114
-362.418416598338	1285.1130394196382
451.3397425347137	-382.4606258271245
