# turbine_x, turbine_y
-309.90292060283184	-286.88778326541666
-332.6416856571844	-111.98852427552524
829.456055899333	-108.56368864674062
-925.4590775693055	-499.1234976505688
-883.7990103872105	-302.2632163714933
-1215.8385094399043	161.55218553203895
-333.38867695117415	1259.8263138004795
1113.1435183458113	99.23887014530845
784.7628936165388	47.00346824595938
245.67439356256048	931.0762789540245
-611.5062707742767	430.83499938120855
152.23082787919168	1086.325379781611
-419.9365657093231	1066.8266718933778
-843.130386189004	-699.1219566872468
124.59026692132991	-963.5948251940932
-987.6997179101163	766.1398920494527
