# turbine_x, turbine_y
595.0470611679668	-201.5933129036511
-332.9667722071745	-385.2207870862207
-123.12985430937013	-1213.52926228007
-1097.851104749702	-530.0245205941245
-547.1324470560374	-559.9243525731722
-361.42697665060086	339.34222633281377
700.3421246905432	-474.6630674846176
726.6409137313456	779.9724382301964
1158.432155725782	389.12719908044704
-1211.3980371683108	360.0909097251825
-459.0931894647259	-248.2037840356933
-511.4732986357148	1146.31130690742
959.8605847838606	218.29527823868932
293.84603553135366	-1225.2075575797214
236.94212251036936	-687.4072582955835
-87.98999390069105	200.88546969676258
