# turbine_x, turbine_y
657.6364102938074	802.7653625235888
-94.3634316775304	12.165675985285507
237.43685438517895	523.452510147535
-723.4373653171701	-896.3786602215384
-524.098823377474	-732.6466830996056
601.1847354133555	494.22763382777464
219.3485577953033	1076.0352502736107
756.539993027265	15.952157206679862
-61.183739559006376	661.767976471343
-661.5636193938984	-494.13961907176326
-210.678072307373	-188.66974698128104
-21.35012807206893	199.45519698370546
-768.3182629248357	-371.27862812682963
922.2451562902082	877.4169991780898
402.05639785611413	-891.6409049798262
-524.3335404809042	441.7280532811956
