# turbine_x, turbine_y
-910.1349314021403	-411.64040844411664
-1010.4043490033305	796.476302509382
415.6186828542505	-383.02544938054524
-455.5832535386627	-1164.5432198094147
191.4237901185916	-18.2765789499566
-1080.714953513267	146.90427589619145
-361.88986698068595	-268.61647404345604
456.3030216903724	11.231530025363234
-667.6653680842953	-264.1760760490415
-1110.05151892102	-636.2386706224742
719.3722236912901	440.57172907589865
-221.17435665447007	-56.19608763073751
-616.698961844573	1160.731678655531
815.5202561143099	-710.4976073951258
774.7933400555548	852.3047619658901
-582.6554446110098	60.88531546611562
