# turbine_x, turbine_y
1274.7411493230181	114.35223138166037
-297.4843751619871	22.758070240815577
497.9752163520716	78.9819043592745
231.20575610260602	-338.17819004384273
-38.890028849857885	-21.252806869262344
714.7647210353261	-227.12045070435133
621.8110739632896	-498.6720888496939
856.108678879907	-919.8272882154275
93.01558573716862	-1136.7334309002176
-460.02474177534367	-315.4553810967228
-505.9539388699271	1083.8135985985718
-460.29846654887183	-1085.015103174179
515.2020148167038	-672.1894846477663
-342.35364984232535	819.5869645153219
69.7935610036991	708.7981012259
371.2853206462275	-458.7958485530507
