# turbine_x, turbine_y
-131.301755596304	746.8160746577273
696.426206477709	1134.7855737355849
1000.2913258070357	36.300292343426264
-592.6836856827921	-102.63742025377312
226.32021522403645	-1042.6294828267098
55.410682758619735	-638.8059955971295
-170.01676564096132	-146.591975909155
307.0669262806902	867.869162943325
-601.7337474811886	776.7586091687086
-489.106950365669	-225.73308658577974
1139.3188750546394	-596.5787887877445
-938.2473233089275	543.8614896770159
308.5154783565967	611.7396448359507
-85.31601407999175	-414.04004640702084
984.7178590296433	-840.9812535838842
-534.7993964667127	-812.4568541413297
