# turbine_x, turbine_y
632.2226281556003	-920.0597563226272
384.83278146487237	-1102.459526764826
417.62237947648435	-253.41061352315813
-400.84295537121585	1105.1204763552025
-1340.8410456370625	-66.67281560000787
-451.467222510078	810.3770631241296
522.7411135491162	172.727773090596
298.10555229338235	-951.2572602117426
-458.4993221797258	60.77776950861171
-45.37944661566398	25.418209140523153
306.89059368275264	-422.9653397987139
-389.6985373091862	611.6103822295792
-589.4457642369332	-372.9973098460927
563.0435822295606	1196.9411007520919
-274.9725476079642	-1218.2977448480956
1281.9122508206299	343.2239470683485
