# turbine_x, turbine_y
129.66172883447328	-728.4343639563849
-317.305740883369	-939.1373165882434
254.3244198921913	822.768256052795
-781.1811442022987	-191.8944473113601
952.9355360364035	665.2816178520761
208.8913544199302	123.51112083081794
812.919051620023	939.4000549884777
-110.71294150215691	-1013.4493674172656
717.2267713246342	534.0833282354985
-438.76655474381005	-390.2692142021524
-675.3729436693324	-909.9222078740826
-643.2809352290914	-441.26795775985016
878.699941852362	98.38043689876099
1137.021370406845	-337.84979335950555
353.19582008828337	1111.9580388502568
-2.9277114488933886	299.0575464682598
