# turbine_x, turbine_y
-1031.3098855189687	322.5693306838864
-171.65583590990474	-919.8327486057175
-790.6139162937001	-176.1208800598837
-943.2747410705922	-536.8481796548389
1100.6643682931897	-315.3141233340855
450.5198955345687	-162.12476076765984
531.17881040021	-319.58330999242503
58.723274178937366	300.6060796840239
1054.469428157597	327.35999486091634
126.01736000663593	40.07002199123675
-317.02068553643454	-293.05761939582726
1225.75905025861	13.482146999703604
-160.0314930414765	602.765701061369
-1207.6588049875934	286.5223528963943
651.439816746984	-458.6636589311097
477.69650206203073	521.3220577049273
