# turbine_x, turbine_y
-376.4949066493089	1174.3356002162789
-846.1787264938386	-575.0825425251337
-228.3068112179309	-726.8332424513512
-431.38778172131407	-408.30800671380496
747.7552202081099	-642.0265586515665
17.381172362811583	1187.7265266980596
484.9322213226209	495.04947076848
-716.0630426697666	1029.026318722378
-1065.9916852627296	799.8332297796354
-580.6787286460562	-1124.0780415560403
1100.5573817143147	486.4960669630056
1092.3486711907094	-647.2974005805315
-706.1078454999667	-759.2176016546003
920.4898190869866	-559.360526897997
1199.5281671870316	354.6475128545517
-619.7466099297029	-140.2527516665098
