# turbine_x, turbine_y
-390.2365535762522	600.2282787496051
-997.4527042676551	804.9825323946078
488.2911627476752	-1257.3779297275469
-618.5224912105951	396.78004005877295
470.33334578394437	227.06997990706026
560.7778143604642	-1076.124943094417
924.9945082340874	-797.7593291621804
1119.6814957961724	-753.445442396975
-673.8914724552296	-728.541189555761
67.52061400984326	778.3558187021861
623.170064407938	740.468251658825
814.4394488443091	-670.2990546260612
1040.7355678960485	-423.23746537765896
101.0774208266934	260.2934114634983
-181.53241043643064	462.94155669452493
-483.6985127969978	-1166.2285614029493
