# turbine_x, turbine_y
-772.321089902344	-555.8558024998806
1170.0220246421839	205.5876166816185
-103.59486966248804	-368.64920258405414
1171.6268792289977	536.8964275402985
-793.3396402350057	391.4327650608914
-1222.1249728051384	435.1948751591441
-555.9374911482786	-812.4118218902871
-386.5658668224711	535.1260493105722
610.7950225124457	-57.961285235837366
408.68582508945667	708.045243152311
-814.0768645417824	966.9804829958221
470.0107183643412	256.30024249107566
183.182217593784	-84.70041203554702
117.13342644235661	-759.4907052634824
1023.2426309526801	41.206615150082236
126.21057698165514	299.6279797975572
