# turbine_x, turbine_y
924.8842299540901	-960.676796304766
961.7608391865632	411.50627526694524
77.51068144922245	-1265.849374857933
77.4516512474066	891.7387040379781
369.196701217099	418.59050840693664
-92.05117953465867	358.7600886493325
1039.5202995771658	719.6798651065561
899.0975542579708	-519.3197679617534
106.89913371303152	-1010.5822912907178
-183.47308254061528	1226.4455551913456
100.56903439288112	-375.49782030877844
-181.39475127081406	-1247.227557493085
303.5392241302493	71.83984621222889
443.3943508853355	991.3247775533237
383.1320231829831	823.0566526103105
469.35998825927294	-970.3640114316589
