# turbine_x, turbine_y
-1336.3383551145178	-133.54045466205037
426.19718044354323	8.324024151395859
-522.8612467750945	658.9017332551086
-684.4119865329766	-316.59329752022336
-886.7123412674044	-527.1857810319032
-819.8544545228787	857.3531412925588
349.3224773769779	-386.18112944385
-939.2385576709223	728.5124581382746
39.40245886083207	-782.591485129757
-1180.3008171344031	525.0542371884102
839.626082661252	366.095732546953
-827.4870873819499	-689.5572134376023
103.76561142647138	1215.6256170282295
-1223.1906527869967	-340.5844981159931
-185.6955811820332	-148.05921952181666
-764.2475362638173	-165.46680367385673
