# turbine_x, turbine_y
-165.48588975163375	1328.2871834986177
-341.9095662988875	201.26663663584483
1050.8517283014062	-762.4302944702578
194.73267539671411	130.1295620972839
779.9116717079371	-693.8527308634274
121.1550956192021	-30.580969486999976
608.4114329462818	-625.9060456520083
593.3237983591413	1046.0011282494615
689.7769053232089	-969.4620078777391
186.23861568045808	-1101.0201966607306
-691.271684781957	-985.0349155612148
-843.6657037697723	-565.5481975125643
-460.5845662564923	-14.333757593210539
350.64023038055836	821.8130250416498
1131.7454066118005	-323.83449509234595
411.24188061416027	139.4072342387708
