# turbine_x, turbine_y
-479.69339797628703	293.0080523278687
258.77655278099525	31.477983228725215
564.5552822925252	194.6083582943633
-855.4262670301562	-810.4233996490018
788.1999157142094	114.95276623014261
857.7622422141358	702.8914347949741
-384.658917686512	-264.34101745616124
396.37167819356887	-1131.042441111071
-318.7547725969675	986.7727944552845
1016.7300666619109	498.945658662262
423.66313282545434	764.0498655813001
-598.671077982546	699.3411929091346
208.0462448865199	-962.5484090813817
551.7329989407464	-714.7930407843492
288.76000438920744	320.431208635915
-685.2662561851592	1051.3833886728637
