# turbine_x, turbine_y
-30.216304274501304	-557.7188113439643
563.8556593052905	1075.213459437908
1125.3479266868783	409.2848717384932
853.5425325980195	-654.5514134742443
867.9559377953728	-5.26104127655227
-171.8077596514042	15.013351251906792
477.07610710126136	-894.7459713473401
924.1031250300991	670.1042842105958
-662.4442238840958	-931.5833989077344
-860.9438955190848	-714.7471397462419
503.59021971084366	241.76386414203662
-1024.6321615131096	712.8213385405372
101.66843178231568	1311.507995084848
-632.042709836203	-663.401274075551
-373.3303161042477	36.904230166887906
-479.3342683925233	285.0078680892819
