# turbine_x, turbine_y
-456.4253593340714	1153.4315857743843
-188.08232471670027	402.11247200981603
1068.1308128042003	-39.973693350371995
-516.6818403556067	583.0069838278133
-615.6695425248864	424.25792624134044
-734.7578744355969	896.3966984741342
-999.4527244447838	637.6615634798164
346.69795383739455	-1225.8346108719877
-915.2129223156307	-227.76767355922414
-181.48642923495947	-1243.440982469761
-438.40204251253624	934.1489529539768
1269.5204583382492	-267.2846288769074
-886.2416820633564	-829.8990627264552
1068.7628050432565	-520.4777637692248
1.8223631284412622	0.07334092247952562
638.1817037237151	279.15960336245666
