# turbine_x, turbine_y
-1109.1288131920169	658.5271725628393
1163.5731791952371	304.7727708029417
326.19370209066506	924.0866440709921
985.4932187185774	663.3516166132708
849.1180648998271	-786.7095977355355
357.9631271891158	144.51106714752063
1211.8627868946505	-38.82500730004632
827.689724986173	1008.2477424785503
-561.0065442708618	-699.7132333169558
-1237.0707840110276	435.0662770345026
-321.26887706340386	-659.0713861378365
-895.0833837613321	-392.67871017751975
569.5695034729745	-648.3668897513631
-1237.1071478163267	-339.66749274360893
-960.1419705392409	123.9697468566785
305.54003937117875	1125.901565419382
