# turbine_x, turbine_y
1130.0622883278493	579.8265920112228
506.99241622562323	1012.2530641634114
416.18280193151827	733.3846893194791
-21.766578998649734	1098.9549653429112
-340.12738845729154	-981.697941951833
-115.25657036122432	-328.23196280354654
-7.53493249621644	-616.985846116407
-1038.524142209729	352.2379092982797
100.91372514266953	-394.2481337581298
-315.69070669497796	-613.4859346021155
579.8913826962131	-624.9419400152882
-582.7747404497353	693.8134818468262
251.59193999675358	1076.4192831168223
1043.3082840598333	787.1101720278602
-98.84635188875221	-114.26159522889252
-156.1741189574994	1333.8587232087825
