# turbine_x, turbine_y
-939.9783285340593	-775.2665168695462
150.65581652895742	836.3570459640501
4.817302126524181	-539.517767770869
-109.24820052515196	-101.99082933430033
55.780368510970256	30.516789015871915
-641.3691971433883	-148.91154969221049
-873.5399975799072	-350.39621513837204
1040.552452403407	-750.462775467778
350.9194404004373	176.70310110071395
-95.93921841292237	1028.589144069603
-195.02221271879523	-1076.2083249681168
-733.2575115300259	453.7100606175601
806.4276346085754	-244.54256632848222
-397.8493383405756	561.9171855736342
-681.3260454332178	663.2691817063543
-1156.6490207751103	-35.369337703316006
