# turbine_x, turbine_y
1007.2915928373386	-594.5064449442037
-325.8775622147294	-633.4921110780466
-599.0814836463652	1136.1366775952533
718.2851292683806	915.5330509314433
65.9477282859863	666.7319524243496
-817.4016597836782	-930.574437414015
267.5468709584183	805.5934254192637
864.7738327218266	849.3363961807084
471.2249248386936	-783.0295987956398
1139.7021518227548	42.400949598701665
580.0010470246058	-571.2961742390941
462.3817231631897	925.1819683133234
-872.2919139773609	-773.5618899832098
-724.4072983769754	991.1971697592378
-453.005589219869	-224.03915822991127
710.1174046735765	-366.81705826815374
