# turbine_x, turbine_y
832.8169020841241	-913.735280967459
340.53174674582624	770.1738275823059
-352.65074311856	-650.7170876609081
-916.4316670574858	586.0795006681219
29.198234196130322	-860.1145499509453
708.6248158971655	-190.02715685540298
-24.206211036280358	1179.3019525652783
-179.1339304581762	1307.4966018057748
-685.4459228142048	535.3716584142321
119.14605925754924	-271.94897446871715
-578.0574039193947	670.4726822701815
424.0071582635019	395.0586169994689
-993.5878940997882	879.8360721998023
-1323.9277576071856	156.67914710644507
-108.70031133116113	-611.4077392562021
-459.66875877581515	-1205.3259507955422
