# turbine_x, turbine_y
-152.61285492944822	-1324.0016638901088
-247.99740718567875	1141.731519056506
-678.6431227704741	-799.9993014989793
-1106.6897058382067	243.22280649541912
-734.9653696026177	465.56362019798263
505.09509040579246	-398.6062598884638
1092.032743358639	592.7552153367284
-358.20579251176235	563.890823793447
246.40594873348772	1155.9656362813498
1014.0051093747492	-42.032634437037686
-824.4924009849346	-503.9156503602999
19.059302753581562	757.4137574635498
-100.28605004150886	-7.1565523775086515
-973.4801771983118	-701.4263650382621
564.9331609761111	1201.2976197867079
347.1774231148394	118.46573562938252
