# turbine_x, turbine_y
48.440441830156054	327.4928958838407
-509.69729057766176	283.0015931428875
329.4879547774917	-968.8125870222144
-796.2544320107125	602.5736702629742
819.4446376360122	170.30648084992768
-225.23640528932805	-1020.7981588783169
-1071.3472426831443	97.41035444282096
647.5161956509525	1116.450784545348
344.03493006279	951.8325110643955
-915.5493848686557	912.837224189729
926.1485799466885	-503.966608587515
631.945157925538	-636.0164420333807
538.3801032266914	-851.7761752392985
-828.616450406449	234.86292007201524
-925.7560711760216	399.88073120962144
438.3952186573925	-552.6615488206468
