# turbine_x, turbine_y
-1259.8658625848755	213.22348327341888
324.87663248083413	341.7169892905963
-997.0923417352762	-431.98740764555083
-512.855299669429	30.393387620111277
744.413058182408	127.308788845253
27.490737861166803	1255.6482639374074
90.75523264693395	-122.485193289334
834.92998516514	443.0680509627953
-703.1618842433512	-935.7732854617692
145.5604261169265	157.60273926820875
-1256.5307710513184	-352.94856343473896
-912.7015303913997	206.3393810097586
5.827711674689384	335.9908138960958
1075.882118511522	-562.7680920673898
184.42028258178192	-297.47665446992625
-422.4906762290312	982.6218784298817
