# turbine_x, turbine_y
-592.8260117371077	734.6588475925917
613.9871159897358	-404.2291864953171
890.7275857525805	-628.2169334682228
-585.0878438941594	1193.2958777479669
101.6985656966423	1151.275601569718
-628.8924675469968	12.118957349164594
959.7014199494778	291.47808912561715
-648.4289561238127	575.6790744465281
940.4240819753979	-297.5551180760898
-1232.6822816682127	-540.4737284673864
-228.6079339423639	-14.860506195526524
-599.2892177797474	-848.2314116804412
-522.952742700383	150.46746818765757
-379.30540622634106	-469.3949039221175
-208.54472671528725	433.78716887567236
576.2977840645334	769.2888938308607
