# turbine_x, turbine_y
-536.9537112996844	-913.8177364757694
305.01179261426523	156.65440839761283
844.7062196510365	-643.2748427038679
87.84690496451249	463.8982576349849
1242.7660210404383	-221.98823557579632
-290.6087460079104	513.4842512905658
-829.1431119929903	1026.3694711666383
419.030808602631	-1166.6551219324683
783.6446331694692	-283.0146933186489
553.8407571807054	-90.55994191676592
-791.5645071135693	857.014808846179
-930.6634711731119	439.48261526150077
-1231.1016365511118	256.2270583878309
-46.730590396940116	1044.293459158479
193.6512144625298	1041.04110653983
546.0629412428615	-461.96055156479986
