# turbine_x, turbine_y
581.206997021781	432.3204792541309
-900.7124347426945	-576.467530833529
1098.41934546789	-735.3707318232546
877.9603412206409	97.52283592755337
-730.3788181931343	-78.05672788186895
242.66677671370198	600.6453977743132
-730.3384997274411	-386.5501652932403
-529.6793750860023	-263.9180104067694
-797.9783895522299	572.5421075838773
278.6242980324435	-1096.5005808258788
-403.8597859878367	775.7394437746643
-1273.5874147750264	-283.84209710533514
608.9015669596331	711.161556512892
-185.25366359999515	-446.1979598196488
70.17451188866755	-1321.328654658021
-734.3483551715021	-1099.5938854389449
