# turbine_x, turbine_y
-821.7873616526078	447.8340058591837
-501.22854871144534	-924.3298910107035
6.545313815314646	534.3019788033679
-538.6337554392219	-507.8774918979159
803.9222185297559	-120.46402194984735
-106.6972524829537	712.2788788758888
-747.4091010881326	936.3018972781482
-780.4899370571319	-912.5145447964871
-193.26669579526973	-934.6639825550558
351.5617649053341	1137.7095943436416
-904.0516297908908	-130.5316403908266
1075.8119765561228	-357.2910447615518
130.53181482320792	-842.255549878152
-1212.8670629672208	-350.74520124627367
1044.6254745692306	102.65426415356127
250.89679885852033	-1043.6597767082756
