# turbine_x, turbine_y
-832.3993284749756	932.1751069228867
-388.11175844679957	-578.0286644724689
152.22547319032057	1121.8070833004629
-273.9581462261462	-1267.9568040193697
1.3844605490987316	178.066381716095
-833.6329713745704	-562.521302994263
-547.3919748544953	-376.0694697820961
-793.6133312091401	432.09533327808015
1020.9030029829989	-588.4502685886495
815.7707438756493	208.17555833784405
1299.1386522815396	-280.0384071924618
418.1555481008975	-1020.6366914677916
-72.08293882639043	31.22466478205812
-174.35851537535515	-829.5316852772801
-1013.5507694663427	-596.8528940256087
529.2832867486494	-169.42130322841078
