# turbine_x, turbine_y
-781.3494556718196	221.07106904333648
311.82159592451296	229.49973352798864
-996.7543448779793	-863.6502710617332
272.7003407536528	70.58770858085319
48.76124758590707	1221.9021714913872
642.6340836916881	-191.95053636096495
-374.3497782839221	-1033.863037636426
-1189.0464515936987	-435.82196641291233
-341.7821586278913	-676.6808423590015
840.9375685368104	511.57348795355125
-588.9361235666562	-1091.5640735260504
-827.0990389309445	-904.3930910054276
406.8730848459771	459.40350827602293
-134.64686744649464	606.5258252610141
-1034.5077787717266	485.0659934264638
-781.0638524046526	-747.2916547325925
