# turbine_x, turbine_y
-587.6629608368166	243.3500703010677
597.5476243517277	1133.081114471056
440.3238298923622	55.81304627479993
1293.8214263032069	-223.5008239190072
790.1766983984681	-937.2188688580691
-1095.1392523321965	-256.36205404758203
761.4478923243992	386.7217607572679
-764.3797024845105	434.88711927284214
-277.9305934672476	-217.4462334788539
-879.999895971525	550.2803385203129
-538.3971590130559	540.2062671204724
334.75872294331765	-605.7762448416566
-93.47673716580528	825.7706186200569
-1280.5663163039467	203.52886859060425
-961.9537203491182	-894.3109376894472
196.55650509140142	256.35092861000925
