# turbine_x, turbine_y
-79.66991857993486	-244.90018730793884
1229.5151975744357	-406.05564156806696
99.88365674889215	-81.39925323278922
1184.8971255675126	-102.24121328029776
1135.000717146013	110.7505153046195
-362.0530705894665	697.2844914237286
512.0447709809735	851.0948816315312
-558.4472486595172	-1028.990581180703
-419.60750034362485	-1271.2484226718343
132.01698519115982	-777.7908417967407
32.01542144860432	348.80607296762804
687.3898938582126	505.99981051185677
876.6074417156331	-293.2368777553222
28.222159180681274	1108.8048418409703
500.5664509222123	1062.8394280021794
133.2083067438633	-431.0606707553075
