# turbine_x, turbine_y
-759.2296111519357	109.67947569554566
1069.4104261933721	500.9713126334505
-105.0252930736991	677.5517600941671
1276.5919587577698	235.32131938429467
-658.9411227183917	-807.4530737517923
-719.1555679028759	734.5027850337641
6.669692661369586	89.57636668302365
-523.1898711912119	-919.8854009579828
602.7888575651926	-903.028885710675
347.3956145251552	-1161.8246054166723
511.9048799501362	-584.6847619152052
-555.7409611581616	-1102.7781086749158
-456.5242090336172	1034.320542441689
-287.20266548868716	764.6955451923941
84.2208233812086	601.7464617760427
-735.7321415503196	-517.7585776562814
