# turbine_x, turbine_y
-445.60798420454984	-681.5249461768441
972.0331673756948	357.5082601336226
-188.57648526838346	-981.9939935770394
-1160.8410925864218	-262.0395997531152
-23.617577197648522	1298.9197173335353
-299.70302704394766	361.7104740929844
598.9380154059838	167.6286386556618
503.00793966488266	-142.472792701451
667.3134950875493	1026.31831225818
-225.29886357951744	-126.4393167734037
792.6291889618054	-346.89411795711686
870.8041637475385	-622.5748610266295
93.75715866610096	891.4686020783912
-56.97194912027071	-1150.6917914784012
1141.9172900699066	-603.1568187518944
539.6536014633981	-1236.6223282906212
