# turbine_x, turbine_y
1142.4074362284039	-395.2182897403565
188.30943154368663	14.83789898715
-943.1225919830501	-422.45718268865323
145.76813601681872	1021.4307681448415
1115.5163401136886	-637.0581442483245
-482.01102507502554	503.04288593410024
309.5570231776978	-586.7457837798296
-339.13575123744215	1048.6232413335467
150.04562000797313	-222.06811309014762
541.9614602659447	-210.38898032055295
309.95790331209093	1149.3497186079333
-361.3808783592123	-541.8067270124777
1316.1654223254116	-84.78372375495944
-723.1820175997643	9.112644900149025
309.86011166247323	-1240.7377801412433
-71.97510654706906	1066.1818293011086
