# turbine_x, turbine_y
-361.06942857649324	-650.5128971072735
-352.3426359289676	-1159.6678583874188
634.7707140293255	-1161.5362669663114
-376.53293531501413	816.85939921196
910.4362988851847	385.05643344893133
487.1439059749306	-896.9486095882131
-91.65657970122277	-354.2911616734819
-463.15655022381236	-809.0235445176761
-704.2841159898729	155.6029311049897
-841.281796696539	-558.9077786762307
-1105.5760941157494	671.6867446768373
408.54601579184447	-1060.1660893274875
-1251.9629874487105	38.36054398444979
633.1113598060623	-302.0866416705801
1297.9525386368186	290.83572650020045
661.694877217736	1151.460004955195
