# turbine_x, turbine_y
-744.0924873248838	585.1828527608035
677.0207764708653	765.1113304572664
-1167.0086373920183	-195.43589979178765
-319.82916619270736	1109.0060579736094
-204.97619294774728	-653.0025596256515
535.7999335100586	980.5280420548276
173.62095361494772	197.69252749305218
-275.1907022820108	344.26899492712784
-461.9465771252779	688.6672679901957
1207.7981206162199	315.301050300011
134.77501689708936	-1081.217966922006
662.245406108992	364.0058997782205
444.53868811655434	1263.3519337435491
-788.9380840377449	-859.8088104509781
1002.1242524300644	-750.1070882933027
987.3737894428504	-162.78332239688567
