# turbine_x, turbine_y
317.21869107979484	675.1505800838164
-1217.5482516362563	-395.9799360726021
-303.3629674889559	21.21443163776582
203.2173640266708	457.5991790322201
-812.9262017458639	840.6952301648216
901.3892743698883	109.69923098363945
1182.6554666689974	418.7869484794779
-589.1234983958	-209.25500970699997
-276.5268126572469	-639.6993181056224
255.62458103092055	111.78948851079315
644.7302102388719	-182.2397313883695
-921.6177741425034	-70.90299952340331
-503.0251196511962	294.2362314993736
-232.09955114277716	-1096.866844872836
-303.9065839179829	-437.8868216486201
742.7847028224471	-575.5376223502512
