# turbine_x, turbine_y
720.8665653052801	607.1054068406501
-38.14065619597562	1299.5936243537706
438.8994227295062	195.33217975189646
-655.5751764038921	-718.4068111636908
-516.0684042067572	635.8236069480934
-1198.8552956495619	-310.99678796214937
-656.4049361146426	862.7624444030306
-648.6063859614682	-921.3544951464174
-75.6759946910361	-12.188775403280694
299.0097566600898	1234.4694929386221
-507.7927640343599	334.972402217115
-1001.5956232619682	294.4962376619346
75.66771410987015	560.119879589506
-84.40566562571715	650.0860832855271
114.14954420914655	-302.4310529573166
143.01137726430744	-460.626814211856
