# turbine_x, turbine_y
-380.6823778167482	-895.4524883689223
-1142.2248980428078	-518.7005920573583
-1227.770687888412	164.60485626454968
658.0762268018743	1174.7899441412396
-230.77069793821946	-1093.4093377960628
-211.01696827228028	429.4931110460759
141.83493216364062	534.2405016297993
-342.2811455548911	1144.8399747520423
860.5013560609401	125.19530031408964
-277.5095824824418	182.58885613749723
1055.6665881317426	-52.03985622515037
-390.65350683136137	321.7812079065437
1096.6280476370766	-661.7216182315469
1045.0094983012182	595.041565719336
-1024.504298495692	847.5708986479075
-1205.0923150446536	436.3859175043892
