# turbine_x, turbine_y
-1109.001320644227	668.6853715881788
-1129.8798605657646	-508.1192537347059
613.0767869878765	823.5008904014351
-940.3910293169797	-201.41151516971823
-89.15177510616617	1004.5538615445744
-468.94944216373347	-623.7148146353645
37.34478032531041	-73.9608963111738
-907.7763998382583	765.9160647208132
-764.124203351633	-1049.8537383496798
-579.8443892803645	-482.235534715574
451.2990984292261	-328.08666812370825
493.90247823165174	-925.4767517343362
-203.94560433908032	-1187.0593125391072
1063.732576246357	515.6731207591268
-131.19771266070623	-323.1901692019898
-928.4112813114364	-628.6274092709926
