# turbine_x, turbine_y
389.502223434322	596.3912470485462
700.1820423946505	849.2874139302539
-370.50182978776564	-162.63861105209324
359.5005857873485	410.1393896608918
-783.1021315540177	1048.0573761617004
738.637171020298	384.8211520156331
-1253.38969057861	144.0762237379192
1184.9089932149227	511.8085273271004
555.8583905852602	-771.0812887270898
-714.2209311035426	54.13469668411972
83.01927514134601	-366.9719667371939
-858.8264871195299	-590.7042586296094
-956.9765171187834	-918.7854446472766
-641.9407435383473	-382.598448884016
-1221.879413508564	-143.93867270768447
-615.531145189957	815.5084000126839
