# turbine_x, turbine_y
629.7379197243083	1031.4381366078248
349.452442167682	-382.02223588697785
-912.7884090919694	168.7084294731144
-270.66825591428596	-471.4088322059953
54.08193724943544	930.7283772792138
1106.6313282787614	490.47111763558144
848.734971655336	274.6352953877133
-680.0177901939735	-687.6425736706567
700.5361346745466	426.96208185087465
263.7231871064039	716.3336884782331
-465.9037966305114	769.3980206246765
508.4706751477191	-334.57725042045
-1161.4010348912075	-22.405412347057396
-718.5247450123755	-384.8825461552165
139.48193636976464	260.81655031645323
-342.6135890037297	1058.4764890808835
