# turbine_x, turbine_y
-662.7273182161606	-845.1309385484824
-223.98344902760883	-389.68141671868807
1086.473432004693	-730.9377671803328
1028.8101061847128	-140.17381607497265
226.20579304749836	45.05836003619068
-92.27192391192193	-1319.1476652704046
-568.4582607623583	-82.62332487033315
1088.7456774329644	773.916337513646
-480.67629675990736	-758.8245065566978
1243.5738888513213	270.3662995548188
-753.8333818228778	-231.77015708462488
-1025.2818356715845	-694.7133999668001
-624.6660244961015	976.2342880050237
-626.4379725001124	-411.32675718149716
-303.6229113555897	688.5743943722474
-782.0915842877439	-703.8120082046894
