# turbine_x, turbine_y
116.7999467702404	-304.46578318826687
1076.3492645566357	-218.50057239114906
-272.51925153600877	-250.91427383241586
69.41938644062344	339.5466449668857
-397.9247538331285	1167.187297763255
1336.8853241627658	40.95818081770894
-770.2912640856641	-839.1113107217807
100.13828233059306	662.947410359955
1167.0483146989966	-24.81723869183341
-74.34117418350623	-1005.2450607831997
-908.072420035142	696.2558059372143
1005.2190539845191	277.00160380626875
177.0508408245544	-1218.7658472375929
490.83433203705596	-992.7894456983934
455.35781200604555	599.2876341025133
-614.8770210128021	-143.4036514159478
