# turbine_x, turbine_y
-349.12246751518194	-514.9654226865885
1164.9135539892877	-264.2196449072855
109.22536278249618	821.9707127267365
75.78164080580368	-842.0530440600237
725.4233562366752	538.1573334407366
175.69302128903885	-1010.9538461955995
292.64220048707404	-1199.6120781449972
889.3244461520165	312.78181509536233
-466.69490708703654	116.52511421186516
-908.8158754672936	-391.6921951430223
41.93031523455497	983.083794819963
542.4184817426833	-916.4960173918689
-418.74515451854865	599.0190419074146
165.09620393939102	386.77164228622365
486.2362251066213	-174.4110037348779
214.00248430340488	-509.0193476421668
