# turbine_x, turbine_y
822.1329502969729	650.1493563875969
1190.0369878871272	495.7960872075922
-335.0692671028155	-996.2759469340643
1124.9963484003724	126.35863438588628
171.49877086187794	1310.8060668515257
-216.3592205078721	-544.780408461526
180.15820929508726	-222.35794075143622
1021.0301921784807	-821.1109724044801
1077.078757372547	-298.7495743137469
280.0068790510498	-920.5984770182563
26.59935244961229	6.912203932263594
319.58711633027355	582.9154383836357
698.684460622812	-776.842594280178
-1065.2324752057384	95.07960458707939
-204.43789995726388	154.255088369856
-132.0481526871403	-1160.153785263946
