# turbine_x, turbine_y
964.6273148225374	279.84514400841596
35.02550160132611	1192.1685876254667
-383.1017484918187	991.978097965201
-531.7701330870715	1106.5934701100593
-979.3035395894087	-446.06506556818186
-947.6682719236829	943.3934838992792
-659.37224648902	306.67407720182365
-911.1181750964774	1.2795599662225765
-267.1228838917655	1290.5674716568199
413.6095593682715	850.5322277253522
929.4656952427702	486.9210810757626
-744.483407196321	-395.8271177141832
-993.4198193459608	475.64584730509864
264.82565267175295	-289.36051644528493
-316.7721494693418	-319.67575929332617
-67.91951392830762	-523.0250763435982
