# turbine_x, turbine_y
-407.59062938336496	246.51338736828131
1110.4478516513452	-62.462891951306744
-95.37983065337583	601.1448376647041
863.4650476307854	-203.83580966466135
-405.8771798868717	786.8904367214407
1016.8504853039751	-255.92231233978276
-843.3441715885151	-563.1920082652179
1124.1869666139291	-580.7431036312772
-1138.674024773843	634.647464073364
-773.2278382663387	-903.8106398038133
-1080.543223988818	-766.9580827727807
608.6742931121173	-207.0803248860034
374.9660881285645	223.97811287502344
-861.9168256790183	16.142060046694652
381.3655302367005	508.61977337298
-496.3767071151041	-74.82018259015035
