# turbine_x, turbine_y
-538.596348395477	-447.21195219176275
-493.9611152507	1154.0834030684514
-841.1002194092741	-457.9107654216579
374.396806933667	851.3046762948908
-270.15065217843886	-451.89011776664165
-138.95431142990012	1014.7908069806681
366.6968293074757	-164.1564798655264
-705.1195923138866	600.9994296763733
1252.0476806350298	62.82271603505234
1086.1661790766689	538.8400756281682
-88.40851796937383	-13.276597461786288
791.8040089654878	-811.4981347983106
-209.43363249121455	510.2095849562434
376.49923430728927	169.9429170529578
-538.1705215818625	-121.57908118800344
917.9869163920309	395.7614991835021
