# turbine_x, turbine_y
159.017789321661	-1308.7503472988687
-740.6411529200842	-1113.8203361695394
-64.84654385471322	629.9749697623992
689.2809756524848	-572.4817151432725
-1232.4952994399755	192.15908493857404
669.0411889400126	-87.78945338732606
-621.6687040957509	438.70961216729165
656.8929991635995	267.59785241043994
-211.5239877766557	413.03494992755304
-839.813299115102	-941.2765458448243
789.1375464813913	142.22439081929141
446.9046878219031	639.6888688408429
343.68549177119394	-811.2992770917012
-263.412331334325	-944.3353259937039
1083.7735865467084	647.8991179344857
-105.18783984657153	203.04508408462132
