# turbine_x, turbine_y
1319.765725998169	136.14135860467934
-1232.1277900463458	117.58850967148877
-268.46548918400185	-89.28378505529136
-361.06464538982766	955.3197965237524
-131.6467520920182	-237.8309937764029
788.2165497753459	52.380959948948956
-80.65253193174983	566.8814726447062
-384.6331279178589	1208.8177035125075
-762.849903143914	-985.1418238969045
573.9939559017447	-125.0988141197634
-657.1819534410065	204.00160151830468
398.8901058283906	-69.0703372497226
-273.7824962530349	256.8481381500286
-1040.1010501101885	169.99282621725155
-719.0497319777304	988.7081148884196
-277.36061726691486	-648.8921435323109
