# turbine_x, turbine_y
-457.9079522599971	633.3299144276635
514.3484699543653	-137.41699597857738
-988.8710317732915	-767.3552469549396
477.8602578921843	524.7827095972713
-99.02081814287467	860.395948546811
-1147.8055472253166	401.2391906317427
-831.1338145900975	-844.9356746979257
-367.1423069843155	57.48585385741967
-125.07046297939243	-284.36288479176346
770.7217666426953	71.76990634784013
-658.64558924898	863.8544313227909
386.1837824098753	-842.4665896002706
-184.7416225515112	-808.8951309204912
1231.9897604316939	51.699177179950475
606.1941388518077	-294.23536049666245
995.580124589011	755.6222826199748
