# turbine_x, turbine_y
18.361267694143635	-637.835557455889
1011.7190912114125	722.3839620161323
50.464818955265265	1237.8251796433315
-805.0021614105784	855.7315448753826
-349.00196908976824	-1037.0017701949364
-1139.8224775359336	326.98799332413563
-1012.2256865675298	-823.5435052737644
-168.27812465483817	-463.396875841155
765.0644297129553	697.0471803082385
-630.142355558148	-16.976246720346253
-636.714102530633	923.608908731494
-755.2837071721276	264.37080285629474
-29.790032717334558	-966.6624681413092
58.70485574817002	377.3197545260655
-76.8330737444567	-73.65721870785316
-616.300925398662	385.4467530575011
