# turbine_x, turbine_y
-199.50279396081152	516.5431481857763
546.0972630375454	-1052.6779528789668
594.236746559794	763.6661040433424
-650.1083122908832	-1016.4683856749535
826.8456360397669	139.07260584992525
-207.22062292867648	103.5977500695489
-510.0785837349151	644.4840100563165
968.4384276132191	861.6203245370492
125.10626716288127	-1324.137719016468
140.2724112968031	429.0816112093316
-375.68653009474247	-1186.4907676241182
1204.6113922320835	280.7002180238198
-1333.5236698154954	21.469954714668084
-33.24165698896158	-676.9403322147332
-333.66675125952383	-553.7005862831747
-680.5244056885817	941.9185894576451
