# turbine_x, turbine_y
-476.0661896690709	-970.6370590510592
373.9251182111285	625.6415542999803
-686.4113197718386	146.56868983335062
62.18401484067	151.04189661855528
258.245007320521	206.18909058210767
-240.68375415559	-501.57061755676864
-992.1278989480369	-895.4621610960608
-435.428993443418	694.5939488877177
790.985154482329	-764.4388921262808
-46.19560662089359	886.3290881901939
385.48447072066983	-182.7977087901075
747.5300706034918	564.954124789817
-355.67017070190894	-845.1745523051534
-1048.3751470458826	731.7174883867538
982.9300610039336	-268.07142819600864
874.6953053361225	-386.66467167540407
