# turbine_x, turbine_y
326.75171278292623	1247.9143407747563
580.4445705330224	-295.22341598118913
106.67313147094113	-197.8274919570969
-400.9860427773931	-472.5643403950329
-114.38585374372647	525.2050675193912
49.93650931838607	-922.5640507515493
901.2954284468752	761.4408700048589
-267.7931819304001	1140.1572050101518
498.05381315497283	-630.814877001891
-981.1564096523225	-772.044886718154
323.13758353633307	-1066.1341862938093
286.7464666826138	-394.5542583248544
-536.2473304573078	-247.81550498528398
-799.2073824954233	-829.9588513285712
45.16865848677725	-46.40302811932791
45.38662404353602	-620.936801681374
