# turbine_x, turbine_y
-699.744882450584	8.248698166401969
-104.67421318150673	-1283.6092032989511
-352.42174109671424	1249.5148172365425
-414.3672081103913	228.18583247959373
484.4372329964591	-818.9225702752454
867.594413680591	-51.339805594507304
-670.8289133331801	846.9514268697937
433.74501066356186	731.5742243142465
-1217.8792214221683	504.1266493702544
978.5234351219897	-798.277905129398
237.5486977297087	477.37472282082746
-299.2715618439759	-1137.291808700189
305.5121500149683	-729.4428086450039
963.0397870073598	632.699598588987
302.66788393482693	-168.26423476279203
753.6503533650853	-242.74238047722844
