# turbine_x, turbine_y
692.2909054945371	68.81029747064686
601.9675111455255	-934.7523519820173
1134.7634128377535	-659.9011022741637
1001.5115490654806	-480.9807759869382
-368.8599643890286	-350.07254510128456
-314.39932054600945	-838.1281970184219
-400.7291571178169	754.4564672753529
-523.4037126180946	-538.7524543839808
-1091.2741709926224	658.2072449695074
-661.4824556771781	764.2373955979278
-257.2399448386435	433.04527335312935
-1131.151486675134	-728.5837789556085
278.62460394744005	-302.99520921530086
-120.81994000186809	150.20394379641343
-39.380217835121336	518.5139401003212
1019.9779995237816	181.9402305613297
