# turbine_x, turbine_y
-537.2742806093332	788.8790175628914
-75.89305438115757	106.67345271320272
-1100.650721881129	16.436212397842276
-1040.9156930240588	-791.963176810137
56.19316442741291	663.7052415346906
15.324928798206017	1094.8209085008496
-797.9424391436906	832.9967611644003
385.39289470556764	-696.4638309219288
284.4648036897394	1057.8148095743818
947.101565588219	-757.0185196726966
-311.60086372347496	-509.738761403599
-580.0242858926389	-49.92377635923542
-143.040536442557	1191.0889843349769
-729.0466450567983	-954.9082990589388
922.8317045904529	-596.6242049509987
559.2904884306829	1042.4123150666153
