# turbine_x, turbine_y
-218.67714808642447	738.885537488746
613.077374746702	591.667741314218
-254.79586066973923	-412.92736400036
501.47179898438014	-368.0939458549262
869.4509302607885	-945.9594765895076
286.0660322091945	-791.241401996995
765.507184713776	654.743810550053
703.0550762379743	415.1974116220802
39.58176086274192	-1318.6113465313279
1092.2671848330078	-541.1193856119019
-395.2406880245539	94.49131838051348
-1260.1192883675753	-441.27897784493945
-487.5882773724978	-668.6322102413246
-515.2264386405184	-357.36760592534216
-721.2405998276811	-628.7808974791767
-1149.5369188352927	206.68315021160745
