# turbine_x, turbine_y
-1006.5847654631948	-414.4474951902561
-758.6608145643409	1110.088267303364
-445.3673409091174	-665.3642878837173
872.1119852454904	219.16657318133335
593.1024735671825	801.8841162929152
-203.42666099632143	-727.7718833532473
-418.82341818983235	-271.1517996098497
1151.9667903764694	435.51127900016877
1011.9525777530706	-0.7063946182483072
-832.40574670334	-988.1598529431593
498.92011433486914	536.6858223760923
811.5443561886458	-518.9691931202888
-1076.7615601117996	463.7322105187628
503.3190926134153	-14.70398593741411
117.2231334546411	-317.4482356911627
226.69426341339062	-200.65776132961855
