# turbine_x, turbine_y
611.208080866524	544.3789308659802
-820.8003573901034	692.7473190187206
-1124.6815006389286	-433.9229165860229
720.0620775863052	-997.7196072296057
885.3967995489458	8.64780276268542
-810.0934901322673	-329.96293917286283
-548.2076056199677	783.9211163089318
681.6017645861245	-663.8508463231349
-76.61830688509568	715.9734056278932
277.21897639517147	-492.73060910469565
-830.1527595923251	154.27988488896642
-377.5483403706922	1045.87517750131
341.67010516640175	69.41434441932977
954.8060790417904	-264.2511038384388
197.1015100425157	-225.56683127219878
110.10224946944098	481.4508155528247
