# turbine_x, turbine_y
-600.6415246143632	493.81544491673355
243.5324516641148	414.62749479001985
1020.5425672272268	696.989097449573
-1004.9756968578129	-837.2352704402567
6.94243749153971	-146.10076653052536
-134.05752033657475	425.5141635011453
-45.339831473883805	-1060.054340922727
-351.2169815425404	410.8811033371464
1171.3477866178575	-399.8747373676303
-862.4705116368688	-1027.6779835093487
-911.2515815912013	765.4835281911653
-824.7573754287088	-607.4087145185887
-369.6860154442457	-819.2569580852521
-639.6728908409909	840.1848365291526
-851.3101164391359	322.23296563525565
51.57870009982868	-1294.1260305116843
