# turbine_x, turbine_y
1045.3028302920509	650.9940219704476
-653.9673446956522	-497.3085297472119
771.9157520352859	561.576554944786
759.3403579292703	230.41464616581476
-743.5430047359614	895.9141631676058
-310.2625467720359	-741.8285215228443
862.6470192233652	-439.48971130344165
-618.1571018253591	1003.4205656547931
93.02346472604835	858.0928389278205
552.2794638239623	162.89947105095268
688.6751106962427	-1013.6160778191181
-182.67223189106844	-1160.58455038141
46.5410227562768	618.9894571274694
-248.1480284941892	-272.0417467964843
9.721752829753072	337.3018898670831
144.46710541756906	-279.1800652036665
