# turbine_x, turbine_y
1192.6207352007493	479.2537081358997
-76.64719402866086	629.8835527393126
388.1470054646332	416.11863473023544
-903.9717976070804	-423.5729260995014
-269.5418970577645	-191.89737628577151
-800.416000852854	859.9208506322399
-302.437519334414	-1064.1675421632635
83.59026231586188	1114.3222658214863
501.4883367074487	948.2233308938856
104.0366727168979	415.7444687400646
-429.794707720921	-563.197790116068
95.63772714435336	750.6968720107802
-267.00991204127075	-866.1770474961965
-386.4722273335027	819.3786905333184
-107.13618991017562	1168.7678419119866
627.6244360019019	-65.6852758342493
