# turbine_x, turbine_y
-550.8545301593732	-113.75766635653659
-361.5965278443514	-111.42674802371992
-644.9353223358537	187.18022294404446
-374.23339900369933	-1020.5294097910925
-874.5136174773018	-561.3912775500113
-400.12833271849536	1213.1006671924881
341.9835264011269	-1073.204215266883
-1341.0811675017683	129.68764854837448
55.10390254435773	-655.9136567325684
704.0052487579408	1043.5275512622609
764.6606338417502	-610.7309157599185
897.5043048648857	227.15805974080126
1093.0749858078889	-628.9406181569352
113.13130808194649	-1111.450111659817
384.43479265750256	397.82504653305494
-999.5485228349788	528.4343311173562
