# turbine_x, turbine_y
436.4511942633885	1159.5355881234125
294.6204091537973	182.06576486214453
206.14899501716667	-244.00354492134625
-184.16599643092204	284.95644160112636
-144.86225308460425	517.1280269598733
-777.415543506427	585.3310444636093
-53.81158359027252	-1129.5447323846668
-520.4589765524389	788.2437916175916
511.6285011556139	52.943491116120086
-343.34016149685857	-1128.4904868072665
-613.3906580826629	-258.90631690976073
1022.301306967791	72.39082381995487
-56.8008997281396	-561.0631236199713
-418.40383680342177	-625.6510130784511
137.78010771289715	294.35054396689304
656.6047921424762	-49.02429171518703
