# turbine_x, turbine_y
-302.2278816574306	474.25911418907083
588.6963813652012	1043.0194924994325
-690.8687194557834	-601.3547029089534
-694.4537106760124	906.1158800264574
-1289.6423842598642	175.8568686386364
325.73231858406916	294.4528450538646
114.93250023874157	208.82361187366328
-1060.4995667333794	660.8484627275127
437.1264906941573	-100.44997722273772
293.2384264792873	1193.6303245384977
627.2997434067873	-518.29197876148
1303.5536838811563	-143.28346245031506
173.6443988274943	589.1136086027623
828.8209657420505	1033.0108982462866
797.3469488821258	138.16872302778634
778.7857615535307	635.5203568876809
