# turbine_x, turbine_y
1158.2533452979656	-485.4352031899884
-363.5879937810877	-364.044569067492
1110.6823409965275	233.46797626017621
492.44293958962277	-133.55280856348978
-947.3885045826344	936.066345789137
500.41120137641366	-946.4740944915573
616.0452914678406	323.14219813132763
-92.06641954249997	-655.5513370293764
319.55006390956873	-831.1461829286412
268.5168124872484	905.057627518763
179.9572067101121	1254.12776077349
-1315.4219073038018	-269.53950462930396
-372.6601396061076	-1010.1465477141222
370.2626787296437	-604.1554016419241
-703.22103964991	946.767821160864
963.807274163332	571.8302125186906
