# turbine_x, turbine_y
-49.98657496050933	2.665974818666461
-459.6061827556784	-364.99194722236876
277.40377327756596	1163.1233165554997
-1160.2275503947676	-452.12873758556617
-509.87775963052906	994.0120009896691
-1231.8887517339178	243.00412033911272
-1123.9628820437192	65.41175538784354
1138.5877149590422	457.96897671793835
-423.54667614076953	1214.7278855605923
-416.94266968493076	-35.73751973395218
472.9907788736235	-245.53185770276224
-457.1960173594319	-571.2767537756406
-687.891307149189	-960.9697065480146
520.6694188317838	-797.4270639192198
-988.7671675131138	754.4989320378437
-112.05127976302221	-448.44277638819153
