# turbine_x, turbine_y
120.61761828225261	533.6448398405607
-61.9574005919906	408.3394541831683
-384.3635376167795	-1024.7167845182828
-767.7818731723431	236.8927656165997
74.75067619302287	1141.5908570102931
884.5904831014934	801.4312410986707
1126.5164362844725	-543.1804415976513
589.4879158171223	517.116990560176
251.53817177056857	-136.61467067344088
1254.8548833139498	211.0654886809999
-38.26895947471738	929.2511808220271
207.86535156967622	-1025.1623493165087
1343.1985746645114	-5.273358889664959
1284.457112535093	-368.7267178333443
220.82283622771968	-836.1062950313928
1208.2989202877952	-166.1766042955775
