# turbine_x, turbine_y
934.3443416495486	639.39883583915
1177.383180124004	180.87062085105882
-747.8647396169786	1107.0113096316663
415.976652447423	951.0553230351458
-85.60336003350066	-402.3464633438984
598.46020773524	-410.7403126514901
-726.845053555669	867.3894169749376
-843.9817353152757	734.7137738526195
240.23041769659156	186.69502336741925
483.36139175067143	1149.4517756224013
574.8390800841562	708.4180368673191
-123.60218168916771	-1240.642466239298
-802.0009037211549	-763.516086802575
17.664748808526596	845.803673086803
-593.604548159337	-296.8417822253847
-1184.6035488612604	-189.59708212480405
