# turbine_x, turbine_y
-1165.1325847850362	-207.3560791174585
-719.4014637276158	-196.90861127138132
-280.30655009790706	344.9662993184454
189.2188385026447	-287.82594421528984
164.88512190535286	-1204.9453912739418
939.6870073291902	688.7382404623294
-1214.0423440368909	372.79715236922704
-806.1033026893372	16.434750294294442
-112.09606210853087	-35.48958006687521
-263.70610644663566	1144.2462618631007
562.1813336996422	57.96291885103129
-328.0359885388663	-116.6420931185728
-551.250383032872	-964.2841442160378
600.4918626832439	407.6343344820531
315.45953585360735	745.9628567997493
491.6095775935706	-923.527481637126
