# turbine_x, turbine_y
447.45188780591604	-1140.821554253541
69.83138963294056	-406.173795361168
439.43089016696445	1162.7758063262143
1238.4847564528716	-89.23021551104844
-781.3214130884753	399.5704938311813
-106.72483108816122	1315.0774282193845
1160.9647975803769	-493.90037231915494
-54.29084120054757	752.3703415805136
-480.55956558079816	639.7171798473532
860.7061083507712	-704.3830125722786
-1229.6777237585006	219.94653297654855
444.78136710206894	-364.1349436370008
-1242.477579703461	-0.42312093747081114
-702.3895615563997	1021.3704412910695
-709.735586866775	-562.8994545491618
-339.02645324659545	1099.2978770763439
