# turbine_x, turbine_y
-733.9383625874137	97.98900449137733
1058.2647745465354	166.55304942616957
-732.3360621866218	-353.81943665622697
-554.6480287906396	763.3190086441524
-21.725601472141733	402.2463131313493
0.01952269683953567	-778.8788359895254
-112.90130838375197	56.54141055030366
106.60540149865967	-1210.855641128627
-698.6797276486266	478.01690504919685
-389.561771746026	404.05032327141595
420.8177746457166	-297.30692500688633
972.1746765707246	-774.3279245458974
-1158.1136621770506	-372.81781685993207
153.24437407858525	221.26068655976172
269.34831693018765	1087.369663201543
-415.83534318410875	-1137.6096216329381
