# turbine_x, turbine_y
787.0520904581505	-12.193791613056648
652.8627712657785	-457.7760975152888
583.2690847661063	-16.690895432823716
785.3035533950346	-659.0786111459606
-800.0091848065956	722.6795065505642
-937.8673039609271	170.43929768659805
1168.1865913530964	-452.9136856656618
-762.9654862347448	502.6754585299234
-47.8709751527588	-941.9350669650888
-67.72531662719649	-127.4396664542917
227.98101571587375	988.8467508586554
-273.55161703493786	-408.7581747365532
-98.98725145383116	-419.6122250811453
839.3501547565128	-241.25958084768135
-411.590017082223	-929.6145669316094
-1217.9035607466235	-491.7577725926764
