# turbine_x, turbine_y
-187.80843952523557	1191.9854083508908
206.94258839920656	-371.2757172418322
-994.1092008515365	-175.7375538832199
-821.3254358234599	-639.1262484641657
-188.5002282986195	825.8803491573494
98.66740508073507	-1288.9354089605426
-43.527118290838104	955.7361810240376
330.28642414024324	940.9222228583744
758.9468791245472	-500.5698028760604
7.4177331707087735	-1126.217619150837
1160.9035362327647	542.1112037242482
523.5243203092728	-873.4242045057497
18.355389480025373	-582.5703429176339
519.4137882725363	-675.5304246447292
1004.8069914951935	635.0939395340238
-343.58556967206664	-172.03546226042187
