# turbine_x, turbine_y
592.0305806520968	-146.15886714012518
581.308056920235	976.6636022119385
-1134.042488213574	-633.1239777523821
345.08381894320974	-808.5336811413796
-1134.4368844143396	-7.830933566639331
-353.5776772498256	-109.182394052833
958.9691711767786	549.4524704732692
-876.9760099500807	-33.155023858945796
130.42342302102492	353.5462471934553
-1333.8758050998506	24.22408978640953
1103.313441078725	73.6237421845797
-153.7599896662055	-725.6760777169007
900.5847661316047	-800.573453215992
1092.2394590216	-552.0547844502175
-439.7820556990092	529.0957135789724
859.1882332749298	269.5203377961701
