# turbine_x, turbine_y
847.9669246984158	-1039.5050794507483
-265.2032374206335	-144.43641204341077
865.3040914844402	73.29320891576243
-429.60372454350147	1062.2562996076433
-412.8149442686135	-616.4144200184483
-606.1732302398883	-863.4278692267656
-1138.5147969068903	279.4767573231214
479.42738857295836	-983.8416291269242
29.479388897589807	-509.8515885476682
626.2086411496027	885.5191504058041
-173.7302768323409	705.0275105979799
107.44600557235064	-951.5503669494584
-643.9106694161635	821.1920356007437
-185.00139207919526	-1158.5548860789127
286.1551510457361	-772.7623562630021
-1016.0371879523636	-270.7266077930361
