# turbine_x, turbine_y
-120.64187410288545	691.7188971432389
633.7454791660259	712.8845182850081
-48.2362342641963	-621.8888909812138
-183.39909587929455	-243.78821707689085
327.63731136397314	284.4075183446603
699.8192358001281	-26.380059550922354
629.4863798318064	248.0887443078895
-1237.3549083336934	284.26213882047324
585.9575369865822	1043.823598552172
258.13132469246733	1158.0031925122894
589.1617559955973	-1187.3182292799615
-22.907700356797946	-790.736609111395
-256.7867841432052	-410.78713623616284
-473.4864448084816	-394.7825745459636
-1320.1252296472705	-141.62773840272393
78.49856958263932	10.82467496223587
