# turbine_x, turbine_y
-586.1884677378238	-376.8188275595395
643.9258013663064	845.5705742311146
-643.9870317717539	309.03999560796547
284.3110060295681	-977.6022328709885
573.3259966521862	-633.4136531050838
-685.7133411317783	-794.1652406172346
911.2800647976372	-383.17212888910007
-28.726290935267418	-818.004112628969
117.62863503290468	693.9541342848452
-52.52184797865045	436.21025556360667
-95.66588069427273	779.6401192244435
-255.9339473181891	-208.5291410948826
-853.9891346657809	-1033.3766891280416
948.2472994361758	161.94183109104932
807.0670632083812	-845.3429830460498
-973.3508922125667	-463.5390521502257
