# turbine_x, turbine_y
138.70669049918524	-1307.6769939068936
-822.386679236264	412.27749403887486
1051.3249256648705	-359.138766912969
-343.7729678074593	-1260.9991226585157
253.98730702143632	-123.05232713686559
-570.5264163744652	-788.2456583041788
274.4235971891518	290.72661281404885
953.4629018580512	-860.1821222096885
-1042.259468999736	750.859389579757
-493.5806283305134	637.1958367626621
-285.7266684019967	-250.31578963950616
1052.7336883687522	-115.96642246395294
1241.4442445320765	45.04509470739286
65.48399890703203	904.1217512024732
114.0517686645158	267.75636158931883
-560.6232140125059	812.5742574528626
