# turbine_x, turbine_y
1178.0993632502827	-265.4621278379607
278.0431921272487	-1074.1139672751874
-162.2451939955082	-1125.7724635397324
-970.9103285394106	64.44216761047682
1053.5398450890546	361.1366978084932
404.62024516514464	-189.56179909055138
450.15327413507725	333.08722712942756
-19.2731016615975	-998.1765156039285
-347.5902705438763	29.098230111361943
-183.78529171881928	99.96446345883112
842.4971047848877	-424.80446104452614
162.33704868253037	1163.4940940898123
988.0871426430053	-830.1418318866967
309.5671820439592	56.096303221815845
303.9019348674544	1032.4791916216275
216.61131549372453	433.92970325692136
