# turbine_x, turbine_y
100.97807768114278	-1115.7573813808303
734.2281754237742	-35.44836819116317
-136.26074009544072	-578.8696459423913
-696.6468504060239	-535.2825663726915
-621.8255279572253	-1116.2202985945423
-338.1091906931193	-303.02227407674764
-634.507661990871	874.9446609222242
630.0601119577927	130.4894875775319
975.3796084145266	558.4306875584659
-23.236030412237476	624.5045023557851
350.06560613030035	-521.5093417482194
1215.8937841204202	-232.22473083906863
-518.2759041556967	-974.9583430555582
351.2850512722912	1140.9679847950802
688.1127372626397	580.4751086835277
274.94170189301155	-11.469847360139251
