# turbine_x, turbine_y
-458.9091126542579	-508.3448257268842
-1036.1528904699985	8.433825799631967
-833.4065259150333	-265.20546535359244
-1108.6432885401741	200.40980456517926
-586.1273144570721	-1200.3286357077675
347.77262005053467	-807.1917384065614
-61.82242709973291	-959.8140418627206
-429.6542142508205	675.5766441141637
-1059.9196796519939	508.38246536534865
847.0107513480967	447.80476284215865
1091.733953227243	-765.7994943725411
306.95451292289147	494.59155357634233
440.4349570206876	774.6675301394989
-843.9929932290011	74.13444513890019
48.72865787436047	165.46837962910823
-398.93860896510756	416.5280867243091
