# turbine_x, turbine_y
112.74566619904434	624.8496910086124
462.9055414234167	-329.15846141438163
224.77303862222274	764.198102356853
1044.7065896569036	495.7708485252629
1180.7507103577977	337.08909191776513
-296.8694191337769	-869.0221659159935
-1191.4701173054927	-354.27549733315703
601.5125430915575	-119.07998531559186
124.05767130414884	1129.265499413407
-114.64241874347753	-25.069466443636877
-570.3538880928568	891.3411483110099
-580.7818271924548	-107.44110783130152
-1069.003133818126	537.7907765964748
994.16080133215	94.95839037841698
1232.4593429327608	-214.53094249055417
-754.0177224211494	-899.6916594060338
