# turbine_x, turbine_y
-735.8469910966353	430.68017860132187
356.583718610531	835.3288643221471
129.73536008447203	-692.2630887116684
-970.5440539696373	776.2575744339842
-689.9855611768988	635.5260349753606
-960.5552383672994	-810.0365912188173
-691.5566147604147	-523.2767047218797
-360.83622633189583	829.7219546995879
-423.23588354566357	213.14411588641553
405.09549959988465	1136.2316548909523
-1208.122043868507	122.81512797672285
237.41092007010027	-78.78377928894152
1106.5275569004775	702.293885003059
184.51578413155545	-413.8190574368045
835.6402021172514	911.1268959486666
94.4126423320038	709.4407023084792
