# turbine_x, turbine_y
-215.84021848631338	-1322.0246320116148
379.581764897255	-825.7453356158918
-288.4570940801649	1021.3816700835561
-1161.8248076310822	-459.759566156602
546.942417323975	778.1487916261153
834.5240936455912	255.8194686017171
-795.0174276729715	31.279940385791114
-901.3615884631167	777.5171040840352
258.26967724964607	-309.6481488069534
284.5898814572119	12.831745974991104
1079.5148191320475	-646.0438243108125
-207.2465635990914	-1077.766243022751
679.641916545346	80.58350090275881
-32.83186245629723	-1074.0932018493231
-822.4844287876216	-704.5034553084876
-853.9973555062584	940.5122978644127
