# turbine_x, turbine_y
768.8045723614605	-729.9630824222135
-489.6511053264707	-865.0919856308137
-501.73079763605676	872.7691574984825
1020.3223730643003	-20.333828195447534
-933.4727281618974	-280.21003347026175
651.251755900594	-267.6187779194471
-18.32521891608061	-450.40102341776674
38.89407989170985	-185.14263367307947
-51.5893125891636	1134.2837002914875
-195.15670834763208	-1288.5787419133496
1026.1802965496788	188.29070827367102
-695.3192288297923	-885.4458960642718
933.1883798047361	834.1713602195678
-1156.8928135656906	568.8120611013226
882.747540918865	-430.7576048318588
-548.0220553781716	1122.5777915413862
