# turbine_x, turbine_y
504.1843334657611	-295.60748298357606
132.53023678147656	-1008.7649353137604
185.39018258072724	-1305.4433511797552
-678.2851768153143	1089.6059651530275
422.4295157260271	-632.9824137479376
556.1787510752621	21.632602640243135
912.9782782053902	316.8980283736959
-670.9643025438871	-1068.9757486425553
-683.2626542636407	780.6682547352601
1249.693736643496	-108.77123674623097
1145.4384319657183	-640.0447937369638
-141.81398362212914	-250.90924265973698
38.02840631401416	788.1054557838758
-1294.302150919764	174.8856873980719
320.38635994454114	-1168.1407890859446
1044.0607632629954	-852.7727073357555
