# turbine_x, turbine_y
-672.7080630665861	-1137.6648384968594
1206.1340651448302	-53.02794855312851
830.1662463566556	-600.8040360679821
492.99489574913474	-286.19161580304336
-980.8016626788772	315.91912272154025
-383.24597551966576	946.5046525662103
648.9942552614982	971.4124696668704
655.6393237902585	152.34436424183872
386.5994614561344	-501.4822450075382
1006.8737901666257	266.11158118453125
-245.28412039849576	-1143.8954151676253
151.08302890112887	4.627630929130477
-512.9877017516213	-331.64213360631084
-1142.5551701142965	34.53663261958435
625.3569670902284	389.77724200318625
1112.2819662992108	-355.8535874129614
