# turbine_x, turbine_y
-920.6160375552284	724.2262692146481
-721.9958074917236	1054.3052245265405
-529.8722694289816	373.02665591510237
952.4401735560945	465.43047798887767
-1004.5900769831128	-482.06368939821635
-1151.6958184193813	50.00699072083283
-611.645890721552	-356.73982062688816
781.0922996794897	-359.68726888318076
244.83496234620517	548.7418054269085
-773.2851418679135	47.86928393159968
592.8554597485875	-1093.9824442698596
-1034.0925246413287	447.81430147985674
710.9714926814227	531.3564775423814
-1243.976019676892	-383.5524607146048
251.32626739790362	1176.9715723337063
-760.9801368831442	-765.9915032111965
