# turbine_x, turbine_y
62.58414132648045	-800.9816743463583
-629.7147037145996	-1007.6640061343129
451.59639377949946	408.48914291699606
-47.058780970322545	691.1107007654321
-801.350542946941	694.6924015281179
340.0664231637485	564.259237520859
-40.59371071225159	-622.4444600869863
-928.7975737285986	411.72617802194947
1202.6802094151865	433.043235460667
-360.5608791856255	706.1988679706359
435.78804315482734	808.626818044153
107.24583208861915	-50.25085036527606
348.8745426220151	-630.8741769440517
-796.7864188162965	-732.593417982292
-497.76710238314473	-343.03546377153987
499.38150894372615	-245.46513958981748
