# turbine_x, turbine_y
-844.9001198427117	-273.65505216901533
71.71933258534028	-1043.1118036439373
656.0343977716449	460.71360769971477
1242.1659361766372	-346.1181068748255
664.6990461065203	151.12804904458645
1064.0214883984152	-337.6949522897479
-283.52979963151716	169.85185156563162
-419.96373786203054	1236.578029330715
-971.999146922356	394.42364219051956
145.68974325756508	1113.1032873619
1036.5494054757355	696.5614545406609
-615.1958962945168	540.3688956069464
223.02659114507836	40.12452220884324
-349.9922907308397	837.8465483400079
6.501456576794995	-727.9975935973591
1064.6162379404775	-661.244664039719
