# turbine_x, turbine_y
340.34507981576866	538.1193660232162
-437.6554470692183	-477.41789715225343
823.1140433792881	906.5732577027362
-533.2445377437585	-1171.7051054650938
-310.9311432683222	-1292.6346597914162
892.2505050101197	708.9209511461643
-240.20101264998712	35.20252645085211
-79.64359078952987	146.83766715324379
523.5882872693004	-512.7812954862184
-157.54683053256485	346.8796665118612
-264.97904543682483	525.3118783376328
1277.4788361932008	252.41624102345534
-65.45262325781249	-124.02215594355081
-653.6750447255175	-245.96074792313365
73.9184191060573	654.3478104400565
-1264.583146311703	-17.572958335521747
