# turbine_x, turbine_y
-1038.6585239006536	381.706287008781
542.7346260400199	-1019.1687236486264
-841.4105057153299	79.77104887755301
306.5187445725553	-1190.1265442933106
-566.4956298260679	990.3648925164648
992.2769882856722	736.531866981554
910.6846803525967	-57.245339714913925
169.80929620977005	567.2837161113812
242.72169874123784	730.7653089329209
-912.1951795713961	-773.9835787737251
150.5458142208198	-741.4156647564338
-372.1322506393963	-1038.4666367721927
-502.3224157058552	-482.99106529092614
-18.030646249497728	167.05745041940867
-322.81881089797093	-363.9379180142767
-1215.527917634683	-67.02800409708694
