# turbine_x, turbine_y
799.902799115617	611.4200000926626
-362.7215017488854	-882.1290910701846
-948.1880126690246	-396.40486051700503
-131.79830440139102	216.92635813660183
-168.50134721521655	-300.7539031603124
-693.8970536316679	-120.47323630502822
-211.961840627638	508.38155367167485
675.6408915116883	-576.1159367746168
-1090.8276469482284	-609.3283814596984
844.6890932706649	-927.6031872996751
221.25475134800925	119.7165439139312
-738.8074273135277	1112.292699368256
-886.33495000286	802.0220755753012
163.20764562283006	-505.4565859616728
983.0577826233863	-577.2519174018132
-658.3905703032477	967.3373835034289
