# turbine_x, turbine_y
-904.4491078470229	986.1982773233639
-58.59441681609581	-956.2306745302975
-498.96621958234095	-750.4287309856685
-55.927261366542695	-634.6505828357383
-409.2463456938655	490.7811233119364
1171.221171426241	337.3122573516124
-76.55689707994267	389.3602488057956
305.45890643677154	-1175.2106143487104
79.18208802948885	793.2426699826598
-404.47305268014935	151.9332699384781
-98.92776127832019	-453.78236446286627
-1218.1201106669089	-176.21634980596156
-201.99211021619092	125.33868109580072
-576.1420696360511	529.6594907246915
1110.4096521143967	726.119383692194
-1085.1364652707277	332.36069432896863
