# turbine_x, turbine_y
610.4968026817673	839.4416722289974
-610.5413135055785	341.92567957803607
90.67324589966353	269.6424926541993
1184.4879393960894	-611.8342350031836
-146.2355550116754	-198.07264502378143
1162.8865846365395	451.2089583448182
-72.04763558556535	-757.7804958985186
247.04800595665972	-1158.550798611813
899.900750585322	51.15510499404286
373.94571632242395	-323.4392780517115
119.27576549718766	-146.10530262050858
716.8340257870184	-948.4604084983553
-1115.1232715138087	111.91363884782679
-362.9885993467238	561.6169337536414
218.6895522180359	-573.6507629828811
-1026.544172348123	657.1517552154371
