# turbine_x, turbine_y
1141.8061685372425	589.0632160046539
418.35121295223917	-592.5978047723529
-762.5772627634564	925.406671531009
-1219.0988759653972	-11.087986503208214
719.1659373904569	-791.9769278598659
-84.24461101410844	329.36298625669497
1173.1655433703108	-250.73684325998337
237.7574058408226	39.24921274944979
-555.8910291937233	789.6159142112401
-567.348847031071	-699.7782563545156
-412.92446562813336	-171.25892023889352
-544.3265148716301	977.1929843038033
625.1713958151415	-633.9864965864978
768.9195926904353	-287.59016414721896
-312.0361113962105	376.14941514994103
262.8263567191314	-1158.205716622461
