# turbine_x, turbine_y
-361.03781864818956	869.931283766189
541.9059334929079	-216.31677085907444
489.73303498905415	-1142.9179091829105
-1000.175228669142	367.9775035108888
-1088.2506183731061	-157.48758778784895
651.3434350711004	-45.141088046306606
-180.39790523015	289.62702661544756
124.35161875475553	193.51642767005015
-404.11981411338746	22.094677084402203
157.39403953161352	402.29487400152556
-970.6498470640105	143.9215613837483
1085.3128550806712	40.579367299681124
867.5800955787336	-518.0050516825585
-1093.6281514642394	754.6196856311287
805.7624124491714	301.8075306383976
648.4228394475956	537.9709224893968
