# turbine_x, turbine_y
-347.38655873776327	203.0099875407354
-559.7864992907182	46.89067916335019
109.69976745151477	-690.5455923293439
109.01346832029009	561.4589209446322
373.559951552008	1274.3265483426599
-77.37923584644251	626.4805983606885
-17.487459083678925	-388.6322261500168
-612.9788457426661	-850.3526190553582
-887.2656128669233	-443.74361018779564
-265.9489889387498	-565.5058616911778
334.11990843811657	649.6613622331481
-28.308070775333995	-1112.759613602162
64.57179040507594	813.479659707698
648.3956906802606	812.7639144042191
866.201811265376	-336.58233202730446
1002.7740187634126	-149.43948098110752
