# turbine_x, turbine_y
465.75489216062266	-1203.0272220559739
-587.817765696286	-136.1349075366444
265.9607613839348	542.4555743107055
-233.63525842370905	-125.20677453344908
-1027.5533924259141	516.1905334632124
-274.5094209764159	-592.5643197950907
-933.3735495601182	-61.76503175324059
423.5859535364438	-497.1447749245488
224.5948921590296	78.31211204029688
250.33730319794688	-1283.2232974376843
-850.4319415045329	311.5552747107065
878.263749418884	142.7770024433708
-647.1967509861894	221.43961262520762
154.1721770438544	887.0672016590307
-90.72364400025555	753.7370648449108
-248.06767156435697	164.43544677470175
