# turbine_x, turbine_y
-832.0205549654798	663.6849419169571
-38.40814486019526	-1251.729815529896
11.45012886762884	-586.317966911915
798.7067448455075	-723.1699990525709
-176.26233145433082	105.25468708795023
616.1278340041138	-203.25340776876817
1045.8064767317444	-376.03800268315916
726.8127198238474	594.9220128603481
-116.644893018898	585.1938873004539
644.3995337896002	288.3066657452388
-1225.0044634530263	-6.768554746958344
1030.903057491436	511.0072501820579
449.3982353953281	-572.1497450435113
380.72545193646806	667.3681392729616
466.44557094201787	304.30175256289994
-1232.692304000861	386.0298468788772
