# turbine_x, turbine_y
-520.1336972390216	1016.2757897981417
283.6367548991328	653.9636648248224
87.10913048443278	-414.60146964109555
-64.62990033558063	-359.8497712790544
-504.1039543122987	782.9472850026349
-479.10645324311025	-743.0395427013372
1109.2640539602103	467.8459487188041
656.0192277657483	-768.425622785437
461.25243655100275	609.1959567594598
-913.280245467206	-981.3203064152875
-1203.5515306356697	119.10254363071013
162.15954636060155	1250.2060058212185
1056.8909491599545	-176.795833484696
679.0413951968517	189.84317245093303
1105.3517919220192	750.0293683072294
-585.7051671104012	1188.3740741297938
