# turbine_x, turbine_y
-15.755906341776527	179.1960148217723
897.7589543695791	215.0093142842607
236.84338466431964	-767.8989072252532
25.51385456288773	-77.5703442193508
-567.3981862711319	-691.4409242675666
1048.493538731351	754.5287616506032
-309.63996517235057	-106.03602320553831
536.6356480625884	-9.662739039927803
755.3954359900388	-626.7835589737268
-50.96166716913246	-485.92264354934696
-808.5586915609633	-250.55644281485795
1201.9473153873776	-442.7665591759565
-832.7738953268774	546.2235563201473
-387.3051791621493	1122.9902518820193
-640.4742668005669	729.5319410478464
-358.62298490965634	-802.8926015782462
