# turbine_x, turbine_y
406.59755169731125	1157.4458022608997
393.4945585405869	-634.6635982859735
107.91909060394711	769.4300685113353
-873.8329937533225	-437.08392588276496
278.2748939244725	598.6563982209296
1249.2753996841886	-341.30599265727614
-254.73634906776246	-1028.1892581533316
652.1747506191284	-597.725685455048
109.25899798625278	-1118.682625330173
-216.52900694331478	-206.0841619901153
1037.08757302382	636.228301875223
176.0954848307633	-831.2201204869123
348.8334527767496	-196.24035510362555
-1089.912059050536	-749.6665124988589
-1241.2230983941504	243.08609302425486
-584.1151371334088	-732.5782179216338
