# turbine_x, turbine_y
616.6272522399166	973.782217355823
-1105.3186571022045	-610.6710830603804
-126.635561386442	1073.4781674589049
1199.5883951158507	-611.5371604411059
79.06412194548369	1183.7218231188638
-255.93613790615814	187.28247691893304
-683.5739206467762	-1157.535710375714
-632.9274504783972	672.1206252574717
-915.0004867202721	11.000576824537056
-245.22080431639006	-1165.979649875792
946.0180718368725	476.0129601933358
121.30690018329125	-518.4492855022042
-441.8794203405627	-212.45607887630365
-29.12401787797405	557.8395755777477
427.05800793929	-274.4028067207853
688.7030671464287	443.60521156215384
