# turbine_x, turbine_y
105.68997073796575	-46.328938607704906
680.6788126853107	318.61788857101095
1238.1693727334218	306.98199271232465
-1091.3630579413427	317.58693686104897
-881.7911035326439	-650.4575088870552
-652.9569336601139	1048.3737063479289
-169.2377441332482	-702.0916489645501
495.3869004910585	-10.842802188018696
290.3426425382514	188.19447375243757
-840.5806543405921	1009.9064850263337
114.64867814770048	474.1496270586689
352.78665499325984	-563.002470464256
-68.08862131224447	1232.0663353018151
903.0409922119633	351.34254994267457
-572.2411817698622	-128.8352305477684
409.72654790396695	667.8298226514204
