# turbine_x, turbine_y
-966.6016013564805	-361.20977957409394
-691.3342858354807	-1159.3080441636225
1177.7398052318122	85.95242981512263
1235.4834532335283	-394.0939991345422
-604.9195846075293	195.5286349180577
-518.5418866876299	1008.701453851304
-106.55530463103622	-1134.1363214708126
481.9284718664397	-582.75390468063
-131.9924469260144	1037.4216714476338
834.5615338063485	-789.9513326367327
135.72102927503425	845.1289987377523
-111.04981018575737	-333.43655657433595
730.5504195859681	71.21606413906659
641.9928915930254	-784.0354392663166
1226.035035856547	275.50068396424035
670.21651974164	-1001.260298294234
