# turbine_x, turbine_y
128.1540867329043	1207.792370767677
796.3747841438565	-17.834535142922505
-315.90370122490214	-678.0538906496932
235.08727033667637	661.9325979834639
-70.10186788081883	-1197.8324162895688
1195.6840318050504	-127.49715163302766
-870.3013399280594	285.04513953708994
638.4565365945999	546.3545551412259
125.18377052846658	512.0809071259549
593.6670524650099	1059.7844839582024
1181.6420789021254	-517.6029777543783
-704.2613445697706	415.9784151581456
-1127.2653542618891	-98.15983582729615
-628.1591232690223	-687.7782562485149
-843.5988128812089	-203.82435134814014
-303.51743499932536	-46.34537623837911
