# turbine_x, turbine_y
1039.4774084014982	-700.331171963101
-629.307265391713	491.83813811137145
-691.7982047816606	916.7652353493323
835.7600257208047	1022.9029283794459
-394.9347614886443	997.2496669168149
-281.3490979569832	660.579538285239
-492.3570771125988	-767.8375267930007
583.5239410317771	-290.13400019158297
1007.824401883324	32.78360039175965
513.910827517675	1215.3203139841905
-918.4678991653133	195.05944184743075
-886.9058754940014	-640.9550802139635
766.526479239433	603.0469735107843
523.1014696431253	837.3869291105484
-731.6075862585344	-487.7893271963654
-59.102019495810865	1243.431701070385
