# turbine_x, turbine_y
-658.6103445871921	-168.22440186861013
1299.7286578094793	148.66098044115213
-828.2092522369766	1027.6673279205881
1050.1172913255427	413.58488269910384
201.0517314930731	565.8466076521397
1015.3284121486341	8.861908749628444
-910.6573606826	-811.3248735617951
-278.4963585925964	-1204.483509415409
-442.67042889200627	-60.711843364780464
-276.70927896897496	249.8417955950719
1010.0326043889319	675.8407150692614
-0.5547053271171443	-955.7902549735752
599.4605856139673	-980.0927958575766
958.1175937556976	-481.46651842659037
-203.39067785823028	899.9364235950075
745.0525423718983	-567.5927511604904
