# turbine_x, turbine_y
1316.2775500811772	-230.1160063526891
484.3397259594717	1179.752104210078
-11.006492389586464	-180.52481955674926
70.27286251823797	-584.0498843383958
-314.2435330485092	1133.2604683791908
-1176.8731115925477	-463.9779267878945
-561.5755756904184	-167.30286338513628
-1303.9085767283548	-245.65120777530277
356.7075173524864	-105.57665254631759
1309.6301241086871	195.72810815760894
586.93100601545	422.7118140719949
-112.22630826910604	-636.382793420387
-340.22886305123075	-1146.4672288925142
92.73833819048565	-1073.9750660245772
70.10227301357897	1334.8754577246414
-961.9715893756781	-213.49949433900673
