# turbine_x, turbine_y
-214.81252566996636	-496.3933641125255
78.23723251936391	54.493153625188654
-1046.8506841418405	-380.53521606915115
1220.9612704749	-26.274343705911598
48.44947181007466	1305.9184387866228
-851.672804597224	-734.6507323430868
-635.8824677179934	111.86720106629507
-693.4593570543688	496.82042742251434
-846.2886562217927	-911.2433324147119
-657.3056156880957	-251.24971464077225
884.2869991244322	422.84250832947527
373.34153614883434	-313.4283363025296
173.39145802690282	1077.2351413304023
-1224.9902520777475	-297.9009598360682
-1023.5913121964821	397.04952689031023
398.50961247709307	460.04180884923665
