# turbine_x, turbine_y
-1193.2090844982856	450.24664269425944
-597.3743720842441	-515.6606013691834
708.0135978215187	-250.78708376909833
1152.4935543840074	-314.2967035607719
562.8401879878395	1133.7855380808282
226.6400675235371	-1039.1481972814295
33.40861394173249	-341.9732047034083
-212.04318021226376	684.1749787776171
715.6378262946488	-748.0488409056404
458.1192397453664	-985.905121500813
-672.5167487683814	-261.436655459749
-753.9355690137261	-764.3301854359975
1331.2521510477195	22.85939305863911
155.15871714268613	524.4641446641781
-1100.4646000268597	-146.31163263955042
-1218.5787594807307	220.48245988926064
