# turbine_x, turbine_y
405.18306422167655	-1130.9157416247856
-73.93958858206426	-994.0389809637935
-120.47133931844681	777.1034969321249
957.1716231454277	74.7329766500644
-94.68405170318812	338.93948685442143
76.73540401129632	-750.0995859540213
9.682126325382034	210.2118660135639
596.0725289163696	-311.5273297875142
-228.03227702208875	-807.307173176278
581.3511300825938	724.768504763363
-152.53194310896578	1020.7098898754667
-1108.410707643157	698.2584060163371
175.95067839240545	1226.4364849505423
753.7306693891994	382.39516885913423
-18.921820649292577	-286.8294388354921
-675.0675839708114	-510.49523613744543
