# turbine_x, turbine_y
-657.7838417303406	-432.9607185170373
-978.4453402664622	-560.1525833092575
-764.1662879319857	-565.1507102872288
157.87679687267814	-91.75539421921167
-210.31185773657106	29.854877600492415
-143.8606205280058	-1209.7960404512298
1074.360383742226	186.08870773110021
847.3523835106524	-422.07196775143984
1072.063813860249	-73.32864185155867
329.55368706843285	-341.2799585803415
-555.232093863578	-824.0824432871716
721.8427453241935	213.0383292309145
-751.9104053638612	-228.46775154261408
357.9651396878962	518.9295307168093
-466.65929925045003	-548.1352502664498
-224.8928877791475	-160.45450086604106
