# turbine_x, turbine_y
-1176.786278971007	107.49631042969395
-570.626584198933	592.5412219698546
92.06704063651539	31.761998296808656
1215.459549060869	-578.0090831630813
949.2218513350084	875.1260176059085
818.0749731983224	72.24319404526392
-346.5660410503733	-264.1730820189832
1168.9954475004076	623.9576559595052
374.213571051771	-507.3824330509953
-697.1335119848732	-1120.300573568532
990.474265563783	16.448625727212285
-528.9056976299916	-1056.3419796881813
-618.819363737282	114.3842988081218
432.9528787334918	-878.6280555052294
106.34503999437865	1164.1231296680016
1342.087118500602	8.119821154678686
