# turbine_x, turbine_y
-158.0750518998888	313.05230645306426
357.07278099464486	1007.9198199794611
-662.3133808152542	564.7054456745086
715.1912708704956	1003.8111294138255
-752.636359208777	806.7756415873984
-509.49397703327475	665.0106013977888
-958.7499309884288	-37.68357425583155
966.216634832627	36.43265389247743
-934.9136824846129	-636.3180305116472
748.6046697203542	-119.4650934526393
789.3996033752502	-810.8051395271962
57.539044972787146	1196.4688293915544
210.43993186256006	-1244.072421451335
-828.3564452285319	88.18511465223229
-483.092329871113	397.54157843197356
-928.3580469460413	-812.3650625141593
