# turbine_x, turbine_y
-1215.7320531625396	93.51978672020174
-142.0269810806435	1278.0731975169745
-0.9292091283723103	-11.325795705060893
577.74034386701	-999.526121468973
1207.4741691278969	-7.8326837417973305
-618.2307392729974	-1094.4295732937076
434.55070554023615	816.4021440582789
380.5787534885016	-230.20578238171913
419.23791554477907	-947.3534734022611
901.0557027059168	151.0247408768025
-273.7904434763208	966.682910084124
667.8527893432642	612.7141353651966
943.9649978222559	499.59886619059165
939.2128492999378	-101.97608174525516
-262.0533950653945	489.58888204625157
86.46184518799487	-387.99814604546043
