# turbine_x, turbine_y
892.2168046395508	245.8701851745757
1005.2158841770098	723.7749360768527
-43.173907198233195	-584.1865193122334
-1161.0723277844634	-596.9304548417396
-1063.4118960722842	-27.907843874069194
-136.87406688802812	251.1130430443417
75.02785681751445	887.5383656302475
-538.9678821147705	155.84051770138512
-825.4012770546677	-723.2387539342021
-255.75758326761226	-311.8370007637792
-871.6134790223433	1018.7512761798876
-28.964351344712824	-361.8336300866792
-4.3182181797273955	-64.1468667119104
-59.52222319722975	-1315.3253277954823
-312.25667872452027	-915.1625896968692
808.2308980765754	998.988719237435
