# turbine_x, turbine_y
1303.466591309979	329.66914267415837
1041.2358366964422	559.5814056487618
89.82778957474613	150.58444761878732
1188.359696197338	-493.5531424560809
1104.5405623436184	-352.8970680374914
-260.2654510444438	1282.28738331175
525.5433441088622	-439.0466615776265
912.4595040391489	853.7069662205648
-80.83252312379105	1039.9699750341276
-885.2925411504536	-302.7968485422074
204.97690217276522	325.3504498803953
-648.8583231067056	1130.0934489629622
305.23813706637554	-401.6717128306353
270.68019471532415	-662.9884840817839
602.5585313567792	46.2893750594326
73.18881597044147	-934.9194410318796
