# turbine_x, turbine_y
454.1969947860806	-919.4968140115228
883.015567418255	-117.5563371044515
377.96284685036034	957.3180923752948
-52.899569958716256	-17.12799018334521
488.03485051570885	735.7063102744629
132.2014742056895	369.424691697487
845.7304117005698	-864.1424681389841
304.7221496186502	353.13091979212214
353.5637865699233	-317.5615148848352
-191.18854793021032	-669.2486837050045
1140.3528874793474	33.19569874714339
661.7142585551777	-162.09661418261274
90.79818010777521	624.6288608453335
922.4045494125307	901.2646820046502
-908.6203620117079	877.2568337819852
-631.7452607761627	90.10639383719483
