# turbine_x, turbine_y
-966.6713768367921	609.7504271454436
-511.9345936729389	-321.4391885161142
-1054.255009354808	-446.3245530394146
130.09246334404887	-738.5113586224661
-117.49090361260106	-1012.5832480937285
-740.4119640956318	-571.0944586830886
1064.5201553593931	-188.5016938910621
888.0967729633496	-367.13910167352634
416.0017405572686	-624.289165579299
-224.0215429154106	-467.7026546512081
1091.418591402578	56.52251220671243
717.952935056896	260.7085314716656
30.260873903220187	1233.2080522979886
-438.3604145960308	1254.9126600254401
-664.1389619432866	855.907524970267
-748.1953742585608	64.62450459490516
