# turbine_x, turbine_y
-376.1367958113957	456.9983234642185
652.3255146262933	1143.8662057201102
665.0578340886418	285.38875885525255
-52.593874637383344	-78.8976357956726
-191.6856744186233	695.6412548589536
-1077.2896000103087	274.92550699732385
481.0640382345084	647.3443461124206
1023.1250938585666	387.5591262576501
-328.05153949797796	101.91628839955365
1249.320559944864	-212.13771584213484
1081.4211809343537	-185.68210656246268
-553.6074233178861	-856.9034580818267
375.21409026999555	-760.7755377896041
772.8790106019203	588.2382787360626
-389.4668314354572	658.8025113631364
-904.4764742485019	946.2648765008796
