# turbine_x, turbine_y
1067.9589689512277	-216.63525619525697
366.10797280349453	-82.38500365920669
-744.14705414393	2.206912440691866
600.2792713503279	650.1574409232562
66.13210286514798	-672.728476031654
772.9519551663191	-966.3817511129506
1240.9482577739088	266.0710481804821
1143.0369835172783	54.0103810477079
279.91519704841363	-1282.7026300985285
457.1516289725481	-897.205070525928
896.7315507788603	-268.1694492539271
-492.58490506074077	-158.4296201857403
-26.913311517772833	1183.804304875036
-256.29386730465484	683.9274314291062
-537.8319513974511	-495.16228121929595
-395.1650076875679	-1281.503355764559
