# turbine_x, turbine_y
283.8681139070058	-178.27788217596515
-427.52724414639175	517.8651820609605
-126.64424524651183	83.81572915441997
-1114.8976513221708	103.52523104992875
42.792707495535524	-1239.8912365893425
237.01094617739477	990.6022191424238
913.9968291158285	-99.33539256251058
730.5412546767578	-1093.2934706825095
240.80433000986386	1158.0986647726347
686.7610839709293	319.96177242002454
-1005.756866136205	440.7731182035329
59.97752313645779	-864.866495196262
-815.3774195404328	263.91173815010416
-631.3605861547362	724.8974882084896
-1128.2991121176804	-96.89315126589788
673.710213007502	557.9538960158061
