# turbine_x, turbine_y
902.6516416482926	353.08333800761807
74.56539135612638	-1172.4489892299582
-955.9941657706387	621.6691570762823
289.639510566845	715.8002467438896
592.0822111584838	-787.3554350394938
-1315.4251958807981	279.76625606748826
-37.802413920332256	-550.2147618739242
-348.30006024472084	1066.7771666470624
370.61769363489424	985.0849042791817
-596.7368603681796	-852.4214642348829
-615.4692831627113	-218.2753023686576
258.5828395091772	-22.62296704143445
941.6409008909233	762.9074454315491
1315.081759870093	107.2277352997717
-231.07702901853182	-13.716636258985426
-780.4134981561587	-1064.1892858535864
