# turbine_x, turbine_y
-323.26396180218654	1203.3365369412875
-22.198476608599726	-1274.4478754076038
-1112.4047295899331	-190.8549097939479
-698.2087319861226	-790.5513308785686
42.67434133185457	-562.7083472871983
206.40076574670329	747.1787805750363
413.64184190275193	329.5349474807888
-578.0614876712854	205.9528409600627
412.47542180853446	-435.82738257236645
818.9395283584903	452.3633019713734
810.5033580414101	78.56211583438638
823.4842066728639	-819.9703204862903
419.2969280468872	1241.0215013116106
555.8050383959597	-664.141130772791
426.31668428240346	-770.7685102710641
439.0397888749379	-1044.6728122991437
