# turbine_x, turbine_y
680.13628663964	673.711995984008
-407.3067780480205	-1118.3452770762128
-209.24970868485872	-1246.4374238494704
-1015.4250953049934	716.4586665831469
-414.8210001893267	-672.1299521174341
107.97299914844109	-952.3680668788813
-161.76415007513452	379.9378868304497
796.9189125082244	-12.044918817706485
258.993283178171	1069.3753736275858
163.15475748563512	-144.28454124103558
-105.5053248899087	-712.591873461526
1307.7816771021548	-23.665736938061332
-62.73058536702414	613.5540399789281
-105.7467308932988	-927.5185590816094
379.6920836179296	346.6839686582554
611.1354397141072	-776.2167510942336
