# turbine_x, turbine_y
668.8968315258454	-712.4410166159793
185.0230341244044	-37.89667033674857
51.36079439140939	-567.8581224551176
-458.51192414523615	-48.1768419796035
-829.9005292996533	-42.40357351764299
667.5415858954517	-337.2556259318499
167.1612350909383	-743.1674527872515
998.8694808852886	222.99277644600593
-292.13061872462686	826.3285978471235
133.79275526665842	-976.0784001178233
345.91594485423883	-740.0848967347068
1054.0637307488269	11.192378476181375
-79.0552142069469	50.69127362581636
63.69476636551785	934.9531279281128
-337.07340803292425	396.11825316758365
-821.6752467890245	751.7726819325234
