# turbine_x, turbine_y
-1003.2655013977711	-336.4578509188861
-1151.2080113801146	60.157117568830685
-275.02036011901134	-681.8395724326833
-244.4219913770394	-1222.6229434494726
16.981449133287498	852.3812135043715
263.87132509619204	866.2964835174946
-693.0028451436435	328.92012357233654
967.8845660823492	-723.3175272957691
643.7513504810713	-1006.6472098002848
1205.238656094504	270.167964898809
-387.24359013832077	357.22181682071
259.3678973784533	-395.515929658686
788.2399119187874	-871.1569720882972
-309.430659376475	920.9383288986276
-749.2386334254776	-1023.9328072501273
-1266.0376890734722	433.2187842930589
