# turbine_x, turbine_y
49.44265285581437	1256.2970307374917
-858.1597730651032	966.1060469434625
-664.9704827455449	381.26924257721566
935.7091384411787	-622.6285622919409
9.937717246499744	-639.6640450735888
573.9044435071334	-197.58406581683704
588.8451071391039	-459.58388116419644
-92.62859102263414	992.7058558674914
-882.5356837291068	695.4412745030799
-480.0994357839019	-1066.282273682489
-438.92957860021596	-468.7830523256066
-204.92546107573796	617.7345269666696
789.5277867155048	93.32380768748996
-526.9087857147064	540.1830487278379
569.58882553853	545.6874256753008
-150.19968327640024	445.3286445116686
