# turbine_x, turbine_y
376.0158780837434	601.4879150857356
699.53740457647	-1111.2104518818794
-1039.4140154902975	-389.64826582431806
-1074.9463593554497	78.20604891112191
1042.210377820202	-98.42720984881446
353.87591726908124	-523.2431490095529
206.17000778526617	-742.806032548086
764.28179365784	412.37170302243356
-381.6764989264086	-129.95313902202233
996.605555335919	906.35552738613
-958.9058758582489	-103.00080092276983
-780.9399486226658	617.1644383862473
-585.0058612603247	-478.4515504223646
307.27996053579034	895.3674430440378
-685.8423777096658	-331.914095113307
-867.3000339996128	-576.3407922787477
