# turbine_x, turbine_y
-658.5130727078872	-115.32231769798203
588.9378991532504	-903.5833482218164
1287.8069403262723	-36.76658591553754
-532.3151317006636	-733.0182777818276
-1254.4269458747806	204.12290346463502
515.1044255650057	556.7951020957389
227.12187127412116	612.7047554940956
-663.667418121434	-372.9660579718043
115.27994811154949	-730.2143775270669
-5.582285181881508	1238.2090535034783
-52.10507002283635	-1237.7489421738053
526.6585295448886	1001.309788117944
-222.56583190242378	343.91046863871264
57.347902481485136	-571.1189265200256
-587.7649982030458	1102.2673029370412
-933.5979074743904	-418.440278696148
