# turbine_x, turbine_y
965.0082475643113	-776.1396739181068
-1094.8376022114526	439.95763135176423
-29.612835530104853	1333.2570474889674
-470.50118150626764	-329.41719147722426
-292.0802555614526	-716.737930450119
967.9200707481227	744.6227571715548
580.6105313445887	-50.86534111746936
0.1493837194559866	40.02516169730556
337.6071416751419	-788.6602509160003
-728.8522767661347	237.27254937077493
452.5190097997771	909.0069441812107
-310.119283386422	-400.55543742763155
778.1257222971226	-582.06849542872
-709.9517173184058	-569.8656897277759
-44.33653006699379	-727.3796726398017
34.43053456373861	920.8574449392961
