# turbine_x, turbine_y
763.687662734661	370.65910094065123
-22.96296092282826	-427.08665401985803
-874.8309161576523	374.1651878818145
1299.3681951546232	50.45065653897236
-81.55210041032194	831.1276601127872
525.9998966599182	-7.459132483938724
118.12854476965948	372.9182939626868
506.60010127356463	-617.1329995388127
-228.42370270474163	225.5378724293471
-369.25050013249876	422.53270182145087
-975.9124300095921	882.3730999157805
-94.61753297214356	-1003.493679097321
1265.9823839829896	447.61664732928455
-358.75946890903776	-375.18105737335713
304.863140782594	-391.6089975510006
175.5961697429042	951.6916393545226
