# turbine_x, turbine_y
627.7224453564046	618.1786416251185
-672.3354369731866	-1081.3949835632138
924.1244820042642	907.0226198829503
-425.31998732211025	415.03110973718844
-480.169665769413	152.82337057409418
-894.1442814222563	939.3012731616246
-624.3476387245124	-230.56443667923844
522.0977141712804	339.87828976207675
838.0691131672659	278.38156322596984
1231.8005642961152	-504.8854749967234
61.673194003644305	89.1496829058156
729.3897179598894	-848.53044833003
-153.54432562265274	-740.5226311262957
736.2076290814962	-450.36104965878786
-710.3688056828571	-842.9855800816629
-1070.6633291624275	128.72084849804656
