# turbine_x, turbine_y
-260.78956967706375	428.9168666793025
119.86228295279906	-1074.5022123894237
-20.592600428345254	391.8756397512137
787.3571528957356	-392.798093613665
400.1047220335658	71.7897025709409
324.847905864281	330.6359050967877
188.75765614802108	-893.8102193267838
-1018.9127027599982	-707.009922402635
524.3557776985402	-264.4744410491864
-260.67814422388994	640.0867584504851
533.9723187497607	-847.6612969434831
-385.6854432781413	1103.5883518723153
347.2242151660779	1139.0433348261602
199.76317550355222	691.2552548039849
721.943714488357	441.24006087228656
-245.54863597534592	-885.429970194267
