# turbine_x, turbine_y
-451.01445528873813	-535.5601432792326
-76.28499891888816	-1039.849576490848
-261.1645242886968	-717.881694638776
400.006836726902	518.695668401915
-1235.5776787604277	-141.90631431022186
610.8530416445077	793.8180582049223
-1178.3486776373272	335.4036491032642
426.85299244534133	-278.3182428852187
-1272.6549857669502	148.21076307667437
693.8016102035118	-87.69912366079579
88.94722340333621	739.9842109447741
755.3761275700347	-308.2249355237969
373.2288823923946	-1165.4355022146106
152.96148252724464	1110.3435686091664
994.2244362843804	280.9890309733482
-417.9739413434552	416.07589986068996
