# turbine_x, turbine_y
293.75190591844785	-322.13747910024597
-951.3948006198026	409.5390638326163
634.2830550759872	134.21149063292344
446.44084003336235	43.62563967672002
-367.8950823277515	-99.11683353315715
261.50904549860184	770.1379197985926
-747.317429400453	254.86249584820948
896.3520838816872	309.5912731346659
598.0198014521615	-353.069682174909
-914.2808091002628	923.4556412301112
-428.96666601811717	-633.0224453408338
345.11283911277275	945.5965170038287
181.04107841113137	-1274.5214591772115
-452.153310240501	389.8403762299831
978.0152467326494	-463.6211807586446
-1000.8055200629257	-366.5172210099242
