# turbine_x, turbine_y
7.210738345388901	-292.4659323806586
-472.9708784487899	1247.1799339990596
-547.2911787817081	131.6016342157156
-273.85976840353516	1004.0494607429707
978.5275734427578	832.8210310097115
326.36161331878355	471.3626350942856
-1105.155550619577	-56.075433714939216
329.2564980764932	-946.0553483197266
-978.2851240643341	85.05488132737594
560.3235451325132	-1083.59543412722
-1041.649737604066	281.9524991961942
1067.5237271170656	659.1318151650522
606.0822563629271	653.8912091407459
651.9944604677806	25.888547910260495
-1044.4402895251037	522.6800237021672
-30.227660370810217	546.2672963036788
