# turbine_x, turbine_y
722.072423887895	-807.1528252215096
-1114.7542480330417	441.23163323740823
-937.4131070805673	-941.9969764296561
495.29443549613575	632.9228313610365
56.859644965851516	685.2947380717724
-573.7457504174072	-1127.3180059903402
-581.0082012257138	-571.8404569119735
-1265.4755309917432	-345.0844508931266
-965.7323762858698	-610.0828947178934
-386.5872241622862	679.7362716458808
-647.0490540042603	-1.9045697457070965
925.1441483325264	656.9435213884452
-12.377707334040089	-684.6185101150165
713.6336437961613	532.8977183265457
596.3677247492307	-515.4280164844644
160.68790686856417	1046.9258579824536
