# turbine_x, turbine_y
-19.37670431164804	1036.5276867348568
984.2250543725975	709.6577072503491
-548.5862117273764	774.4519424030892
147.2790070373779	268.8738501080896
-963.067425861751	-538.2873232141611
-64.57084089808012	-406.4247252984792
740.3953719821319	1073.127765384186
-472.48302417756855	-330.65385362502576
156.3510688018585	-688.3491528534586
1164.1821399678674	-51.81903688479217
-1085.2957950511338	311.15331597725884
436.2434888257725	807.2858245877802
-197.1322735385275	635.6323427847897
1127.0903694348688	-390.681036752397
956.2751993705787	-555.6729941990235
1001.3698490808919	120.20518867599375
