# turbine_x, turbine_y
-835.727265318479	418.3766261659174
318.11398307897474	786.9686457510879
-1169.654003274332	196.5852857557168
616.6977739095238	11.928440066904722
8.489174041097591	-80.80273121062822
-260.12708306834173	-1134.674260146057
-666.948915183282	1057.2479121377835
487.1787164866334	663.9656519375776
-788.0103086758654	-198.9118028596417
-733.9223984422355	898.836965357653
-995.67322321316	-181.85790615278074
839.3523441034732	140.56976010526915
-527.7470877276877	718.1834706164142
1024.7978419849992	-91.3200255161843
-397.17598402310307	1250.777659641618
-992.9241924936167	171.97073306297264
