# turbine_x, turbine_y
463.9119437518391	856.591963159183
901.8853642179638	324.5052430252359
1109.3845526420664	-314.4712523287741
101.24423273955543	-921.2399357667206
1296.0951357276113	149.8113289249571
-654.7091485198625	851.5614757605066
551.354271729071	145.52183434942765
561.865794894068	-474.75377199458535
-1016.1427711909749	766.7214727024685
-1070.587786230153	-429.5495963873754
493.96099722546484	-60.05770127887473
920.9622644357519	-913.9724001580698
237.10243792598882	806.5185667136327
83.12177251806409	-42.660389677173825
779.4601623253069	208.36679468159628
-428.38676282048107	66.25186358043833
