# turbine_x, turbine_y
-1066.4608535060631	16.622985143150835
-525.1913895275868	186.38267503290038
-1000.5321648636391	-864.7696349603929
-13.63687321615319	131.2625620463117
5.543084191612824	-53.82620384720882
-304.8099300368028	1027.8114325254658
370.55700974649676	-1037.782204020601
-514.8319988176124	-757.2080975514831
-258.8602975387324	-831.1163952851118
-93.25829024325128	-399.33873223563836
873.8403596241261	46.02632768270034
-880.2742659346785	754.5813508579365
347.2218997805722	-188.2041521366976
6.594546581365401	644.9523338720359
1163.432414706462	-481.27022558242095
-144.92946374860054	-129.2067978484988
