# turbine_x, turbine_y
-273.5532326998773	-145.88130475651568
-909.9813035023799	493.3574408716283
-852.1586147000952	270.3856884772024
-309.05599731566593	1030.3418000548197
359.44769112300554	57.0858127343417
570.9170310505209	-950.3028636769074
371.99325695474363	977.2895781166337
1031.2810997739082	397.01458507784236
-1106.843443625072	46.08451367278925
-783.6399878966567	-1077.0029558200233
-140.56121939951694	960.9198241625193
166.1423659776355	346.96068528010306
555.4927881497727	-584.9316720220327
-168.22765647456168	-605.3121824183835
-214.9789205405157	116.41044888396404
917.7537552391804	-238.543611371009
