# turbine_x, turbine_y
308.670047494586	1196.3284850000093
-700.0314541981608	397.73091833034584
-397.51137727301307	-223.6272911309963
43.53305624830903	1107.8140211163325
685.6032075562462	-80.00106596062069
544.0062284486008	121.29834290465516
-78.98446584056917	72.93769471025233
344.60380817839757	832.1110321284
267.1874973577376	-977.5730242174507
293.2120087355559	-139.00298654725125
-85.4917826266656	-463.07438259531114
-1299.0448655366347	-237.90270530806774
-379.5584935686533	374.54380736136824
580.2777496219092	-663.4748497457862
365.436109690276	-302.1382563467116
301.0945887426795	-1253.62000752432
