# turbine_x, turbine_y
-901.652873456743	25.663874088879535
101.90541978522391	569.950201499928
1059.0694053598506	-46.20041599727354
279.6241494664558	-132.48049740566685
261.49112021520386	803.6749019803193
-368.9453803474857	237.8493372651005
-15.363431908925351	-480.2760909848578
301.65223405139125	-819.4386251336874
-972.7966079468562	404.7371864714367
913.4749689897252	-623.8420890045415
-505.722234497673	92.03399936566883
274.9167572813709	565.0319455842391
-1309.102786580694	49.56581346398315
11.806960925046539	291.35127286443367
-937.6673254779815	773.6942524625164
-711.3782617320334	-315.3941183966468
