# turbine_x, turbine_y
1060.8696518445963	393.3825850799157
239.33440123208794	-45.929098844815066
750.210946176137	444.9221312727266
634.7463723804973	947.3540656435727
-529.9488483605	249.6205923323534
-892.2364363352698	554.1820562200812
181.0137876207762	331.4572512085999
-455.4475823732933	55.25697922331352
172.46263608984074	922.5793150010533
-124.7755943796232	-618.2027242868137
-511.84019164499375	-363.272411246559
125.67952828586346	1211.0051435604503
-102.98391811900483	-279.4581925397328
-712.1221346593203	-5.315138751259729
-331.8716715609683	557.3805189226441
722.8883537779509	-1067.7689376261794
