# turbine_x, turbine_y
938.7402582712815	548.7855935905711
1288.3615036172182	47.358410164359775
270.9143520716325	-95.5964588026906
-278.26615748416214	336.86630661898045
-322.22512340521587	-1187.4103636474265
399.6906081983942	-1002.6129242961928
-30.92027531848074	1267.5229494452074
1205.0389946135342	-508.5344851627038
1189.8161379733972	-93.77715168364249
648.6034787280286	-303.67032839662687
253.063384258541	269.32488490150547
561.9472542407096	120.41583934719644
986.1284131497547	-17.694100758133846
215.35480676566584	-331.58159534667357
-1044.8408963038532	391.33003626087964
-313.12506289739946	-347.9121512417234
