# turbine_x, turbine_y
-1140.9858244709794	-410.0209639370944
-859.0573931562	170.92897364182505
455.4005111477379	-115.04897798159001
148.76740154323446	-1026.773341395039
-143.82168099545657	1274.1994088864137
-1103.341500838899	64.04075676164402
379.67728210128405	796.987946807537
806.2457982896058	-312.0676700723085
-801.4846284163231	1012.5631614629826
50.93326703286296	508.9444718740975
279.2378032358946	586.8860091864523
-29.524988337071356	271.4076594803578
-427.1343224262218	902.9260052499133
898.1489256117891	322.24393871641536
187.65576165093987	-22.55214378968602
-719.1000916093744	-274.74883652396386
