# turbine_x, turbine_y
-686.5510082988653	-1002.9456541488237
1129.9575573275063	-40.61871927387357
-832.9073336397107	-424.49682074229014
-875.8574883741045	786.1200305627953
140.39661568140355	999.2379092697834
446.36119104080694	-562.2738861366274
664.7568640017346	715.6657630734807
862.8739478626941	-295.63386922326885
-1008.3834905767822	601.4779365377061
1188.6760374244222	546.5374009217312
998.8022470677485	-143.57952597331627
-214.1514338966163	163.71956697689166
1256.4063779952862	-411.290960522877
-80.73189252772144	-1009.7155301291551
1095.4567574020978	-576.7798744339049
-493.3488517454308	-1132.2379965074088
