# turbine_x, turbine_y
916.9953902541693	251.69342391624272
377.906293601048	374.2098790402413
-154.20420607507523	-604.5371851471904
217.2357595032114	918.374370080637
699.8371899228475	717.204838451461
-714.447209411133	445.24915372537805
-367.08846442016034	1202.1126286570232
603.7520835490305	-410.0615795141792
962.4137109932655	-653.8857911550626
1123.0467012445304	675.5615388179739
619.5485544583229	-1147.7401361460147
-506.26518890322075	1018.6898383139948
325.9969041029335	756.9506532393307
153.71548200960444	-1341.1704103698094
-925.0568988584728	-621.8880196659414
494.67102625639035	705.6323246207144
