# turbine_x, turbine_y
-979.1244375839855	-68.91790917757467
383.18811304645857	1208.58352515837
831.8964836304923	73.66886071586079
575.3066588895908	-778.518675969872
693.5856987342155	1027.7922663147326
-619.0794655562956	562.4852437671032
886.9961890735927	308.7357254264639
-1099.6555178471617	-678.9372825677734
614.2760690688849	-1050.4774668226987
1111.979640204695	-233.5501962644935
683.1199755208041	730.4959275977989
-252.37575957486848	-1281.403964205207
-931.8116471405142	-383.69768684227915
-16.23237216911555	-1088.0726592794117
-633.4702160545947	316.89007116048
262.06441626293235	-235.48346854924094
