# turbine_x, turbine_y
-794.4585291014271	1029.8873909537037
435.2483626120241	1139.2326436530755
661.7598492378145	759.6549458035225
390.89352704132267	871.4229612149023
951.8500507705457	371.6840466536607
-523.6787604576256	-204.12124339187537
-1109.7374831754587	-558.1468707119216
196.2355605914111	1146.432608334526
772.8693351537216	153.13994689962595
947.495309606228	-359.23905427775003
456.6225154337547	165.51494333959403
1081.264899342183	-185.35538209229986
-953.7067382191567	412.62497955886937
456.7024606364233	388.98626434639516
-807.9445860107492	-397.4559007843858
-757.7516428072704	-976.5604038109335
