# turbine_x, turbine_y
245.17411861556084	-81.78882069885192
-504.6343882534364	347.6551314139719
1048.7175773763665	-329.0607177807811
-363.7253972895308	-1256.5918324932363
1205.877441723505	-473.86712059050404
-1082.4324428329912	450.804425759654
273.64122056100035	-866.0367066828999
-674.1320978946163	-880.5095342228666
25.394613480039663	1028.1685383514337
-397.0508939930636	-320.99258280462715
565.8500569954791	1141.8717660536531
607.5930017502204	877.8670794484459
1287.6780302300942	-25.049079111578322
-626.0949711545154	452.5417583938955
-988.525050196088	-594.1437889317023
-244.33454675823225	235.1297682864217
