# turbine_x, turbine_y
243.28350158582356	1176.3493448658742
-839.7674847143593	-382.7134254553422
866.6278725384619	-508.22765286862574
227.15212870078173	593.9038578953766
-979.0485849169851	613.181929498359
65.77481321137229	569.0648253948527
-717.3879622508729	-940.4510730737619
-200.62522076764196	-629.0962403475861
-337.6220687176312	-968.0828280581768
-911.1818828282246	314.41158891653777
453.9432228979599	567.3680064673865
-48.37430247177359	953.0003168320789
260.4626199995478	-1293.2275351548367
500.6190464594538	737.9739462779957
1023.4419508845424	-115.22790486050721
74.8440182392808	-450.46539247536487
