# turbine_x, turbine_y
733.8671045145718	586.7611431111711
-692.7740946757814	-53.567018154166576
-153.53936225526365	527.632591120406
-588.6326709193111	576.3253311144098
-322.27819773380514	-660.8614145246838
14.26850642381523	1238.1703370366574
386.66426560123733	-445.4386168558673
-18.330459450698868	62.26997435610726
672.5599257721169	-857.7706229741938
-170.42635842200227	-776.2564299991197
-1204.3159449476357	537.6418536396611
430.89090038537455	-674.0807073237384
926.3672042073183	-653.138578541533
-375.02009028981803	-936.6787744744427
-338.9707901915978	-128.32042688386878
-348.2016267404361	63.62682341804371
