# turbine_x, turbine_y
-497.098952546604	-263.3479620313468
249.1586913143238	580.3696313855942
-299.92174221103824	-995.668661812435
387.8220754483515	-789.1545268564054
-76.85211537921207	599.9180989347465
527.0986351359637	643.4084559793931
413.0622005132718	228.76429235306364
344.1738279009887	-1251.4045910384077
0.03990137212639411	778.7656588019117
-494.2925575863419	917.5537837466646
514.8140318216331	-1120.5463126378104
-527.5804981649675	160.99843345310498
632.8891597434543	263.92777406921516
-277.5698133682682	-465.1241332631037
-1187.0591903930647	-638.5512479842446
452.1341028277307	1070.5187195840956
