# turbine_x, turbine_y
-216.86958136020388	-345.9212425442827
-229.14557202644298	668.1159105438695
-76.1864962021289	88.4103587192156
630.7454598019508	-477.11186826476944
-617.1568915962451	-397.55601908359165
-1175.3952250209263	303.5491693660626
-616.6530956262347	444.669929752532
523.2350032279904	-160.39475837796365
18.98656464228381	575.8816416584949
6.394904456810968	1304.8591219119853
423.0764608331971	-30.55736100584996
257.0966606343744	1117.2856257089984
-983.4453003989304	-544.9927858673703
11.437315900012335	-1219.5065477116748
187.144239091241	-1190.4584697871255
66.22819142739336	-640.5899930995834
