# turbine_x, turbine_y
1152.4164819535154	454.53710691527317
-166.0438757001015	698.5027706419647
29.61136128541213	-365.0920361401226
625.539023377799	361.43093212400726
-530.8727369374453	-352.3439676383068
42.093688721493415	583.5558541023805
-685.0708622222032	-133.99570244004386
183.2705783766358	-1188.1973474237998
-279.6010080211753	-796.3350336585171
-230.0045102725982	1005.8750973818903
-595.4812173313004	55.310411398181756
445.8870917985402	145.58269094147974
-1241.3586513330688	-413.52324123379736
351.67775896596385	421.9991122470449
-218.19184363354358	-407.48407329157607
-397.2105349080973	340.46941195278015
