# turbine_x, turbine_y
317.36170458527886	-270.4126646773997
-427.03310350702077	933.9278629396022
510.0757591999116	1244.5795298836542
-590.6376016551134	-505.6627168003708
1070.2226307543403	463.4008330393973
-112.21469399300479	663.7807207687475
-1004.6298905282847	553.5453882248719
188.56772137780942	-569.9753006907001
-717.5337844847224	-769.6978886578174
69.48504650638353	1031.971804217658
-22.789195623312963	1208.6075517991985
608.1838602245627	-731.6560391621395
-616.0585740356362	-28.802079934087388
-171.76332968264893	505.3188029112869
-7.94014835787844	-532.0941150921393
-1088.1915232667538	-262.68904512819466
