# turbine_x, turbine_y
-139.16820762535934	88.1948765268973
36.57398942978429	63.82074944654006
604.4625054792032	-905.2752864340911
-257.33912457109665	-532.9969866682844
-1249.5688003988016	346.8878946137326
731.8268271656422	-549.9801049656596
-701.2946127106977	-48.20288114213449
80.02143777492377	-792.7361589780231
-647.5705736755033	-1132.8374649170773
209.1284875730063	922.2126157870986
-256.57221621441215	547.4967744403571
-82.95418053488572	-461.26419432470817
111.4572689591661	-968.2794895457904
1217.2137986771445	48.0340810799365
286.48401507630973	-0.15830575572297612
869.0663664146914	960.020113203548
