# turbine_x, turbine_y
227.3078297209199	-832.6818081834296
-142.9469266308009	705.7085259237435
266.7855819217887	-433.4673352463555
389.7217223469858	782.2577547436752
-158.6142591343903	104.52514452741974
-15.491545499392423	7.1766793887866775
-522.8004026866897	-929.1908794956624
84.90572697292573	-995.292383480961
-902.1459626415053	953.1429373036767
-468.97969643694773	-514.1834168560433
-194.23450956233862	-679.9895883812541
979.1142755757777	309.07554751667806
1114.9486078362706	-211.19145937626809
-595.5794263308878	-55.95760563825842
-371.52777211576284	810.9378423017121
257.83184985069465	-179.82159433917326
