# turbine_x, turbine_y
-823.2488327123075	821.6796786447018
-748.7711615407256	523.3419032802947
817.6675100957742	-512.0504009649488
513.565124622075	325.89797865812244
1092.884783633149	-511.045474484621
184.09647281503055	150.40458458409606
210.93771238244324	-335.1641791967285
-664.1170445587405	-805.6717557761405
573.9352849507068	1066.826833889251
-611.8877737429971	154.33175116906722
489.08117201663197	-286.2934743384844
50.33262980867681	491.8835768214668
-290.42117328875025	-830.9124670257999
-332.2046551027761	44.55813647875164
311.7205065840301	1115.8898198295185
-202.30097915995188	1188.4815159882123
