# turbine_x, turbine_y
1201.266959876496	-500.280223160694
-13.440607463561571	1313.1235058352547
-838.9904591895056	486.5138116033
582.8658448964316	117.50887752039519
-1177.8327525470243	-531.079799734657
-1041.9513611033499	-627.679541581905
-689.9630065891333	926.1551419972986
220.9387224833537	-447.10354073077957
-542.1516554301395	-719.0025816319227
-257.3627104553779	36.038061288692006
35.5206929869567	1134.8931352244701
382.35061022592464	276.2428189577408
934.5979299360066	164.68084170496985
-1011.0342163049867	811.4226208752508
-52.63406148606453	136.56720913865178
-990.5082815226718	-270.4626598122413
