# turbine_x, turbine_y
-401.27095969151634	1268.7878102955758
602.9190956736484	-669.5477661899594
-316.0855307577897	-914.2138490182441
-955.4903545825515	221.27811057184726
624.5819625736078	-1007.3815187931281
-186.9723195320355	922.2821168928958
1253.592369986525	110.536643508022
-760.5988065458001	-942.3689055307809
-341.46999492748245	-319.352815804228
-1037.6184117940356	-400.93825781750525
-1255.5699941455835	314.31785609912157
571.9888020489971	723.2007662075015
-831.9976206037273	-514.9282225129709
-1128.4017839417966	62.61941032372715
1020.0638617199518	354.91077164588654
1090.1212916135842	54.539082012293335
