# turbine_x, turbine_y
-26.628821600943866	-407.4894186039176
-579.3940027765525	-1197.5178021879462
-650.2463638046964	352.2711751445717
150.19439396710408	684.2480170091268
879.2226615523278	306.1147614754509
112.76371615593467	-155.85488146259516
-0.5639468581108087	11.88148437485772
734.744694188504	-282.7613940358527
-806.4443209534788	729.2883460078159
-890.049332860898	313.71780826034393
1226.9383147558829	-450.53203382002147
-1104.3083874353708	529.9790421242536
-146.0503092043313	-973.6240643453153
19.96385035343975	1278.4075452086877
-251.6318085944804	478.06835860082225
923.2413427745851	858.5016643115041
