# turbine_x, turbine_y
-775.0029184037575	-506.1201554198154
33.65512081341513	511.9808460777682
-769.31876796004	881.3029401672135
558.2913704119112	861.7205082249835
-327.77550347139044	-100.00307886607294
158.3568641128871	1200.7611508823752
837.5470731261704	-89.444891120776
51.903854981200936	-250.5307597399859
511.40257969851217	-117.15404158799396
-796.4606225428065	-326.67345022914736
468.3714495196883	94.88270225999864
1183.1936203391767	-71.9653659251744
614.3875075300862	-782.5588523561313
-742.57726663396	156.21415329270513
118.24544102764207	957.3338058919727
809.7817450013487	1027.3698071058272
