# turbine_x, turbine_y
-171.36172823424283	-719.9605904659021
516.5251038656382	1104.285959171634
-95.76900971435242	989.3904912829768
271.2650517484037	-936.1673362442484
-479.94957674145695	1237.1798467325048
-583.5388661038094	-572.0450763063858
693.5284909890133	-229.43050864190005
289.99143240953987	-554.7758964732338
-765.6734209017943	370.46375203475657
-795.6380305869187	1003.6437995266916
-996.5930038810687	901.3415920997452
-4.96419408068407	-1206.2864071373283
44.809445048262035	-845.3087291781881
947.0505491153049	29.96950100313107
90.89435530636827	-24.46829316103947
695.0242283535937	460.4840611653875
