# turbine_x, turbine_y
972.2006059377585	130.31191795940805
141.90644864501354	-970.6076541201141
-66.03863082649082	-52.64421936298294
591.3336529764388	-1110.6385554665906
690.2125746479661	534.4096470764479
-139.36409578852405	322.4102421123756
519.9791984480596	204.79781614468857
80.81009426482977	879.7581764465011
492.18303746999845	992.1575155468602
-531.0626513631385	-336.0870479252009
524.3704430357213	719.1761138848384
-838.7775749575521	501.10285854223514
850.4175355907798	789.2794217739527
-468.3936207287626	1242.0111251219096
-866.1668786778827	793.9773095885329
321.8927387166447	-87.2369447905046
