# turbine_x, turbine_y
-1300.1735200720834	121.68057973404775
812.8036259803874	-493.35901628381976
-24.343305637024095	144.82358518851638
-183.67691636045058	646.4160054454595
-308.86165147467443	-1120.3381566341031
455.31509242830106	785.4993947407133
-798.9492282171235	956.5800281368398
442.19763722602636	479.54662988993954
1325.3316590698198	-48.894808625748134
133.92045548265244	-792.778087068274
-868.7109717076444	51.084774568114575
626.0222973476917	773.2722209375554
668.2401548887167	1075.268115800188
-295.8705578594905	4.959554016551948
28.022529798878494	524.4197029201124
-936.2017762214888	-108.81598572598867
