# turbine_x, turbine_y
94.75162179541799	-877.374286505991
-762.5292029972281	-701.3250116828341
-4.317980172852787	-111.83399896701674
-78.56767805510678	-391.76284142271527
161.52723487831744	-1265.922575556083
-271.35965982458293	316.87388251621365
-1159.099497393709	-617.8201554503697
-656.5430562255972	-966.4118772868078
-537.454567868032	998.4221653051997
-933.6140565999902	62.45587882892072
408.3595708001901	-1045.662416914332
107.63928786844122	-640.9311996333593
1078.5178271917887	690.4249358106485
823.9131506150684	-63.170831847356766
828.9635492820529	612.9064092230335
632.4738019245755	318.16276433742695
