# turbine_x, turbine_y
471.4934495742915	748.1425069287417
271.2426491978079	-407.1732806107183
-1090.7274017902412	237.91867457407488
-345.7149408485142	400.73322972806636
154.86421711234786	259.57428055378966
577.2965311340765	-433.98345917918925
-73.33885104511681	556.0222631193071
44.29079103991316	824.2187164323701
-21.63017041530808	-1157.962873760566
213.36030338230535	964.5336097285311
-720.6763840142111	-1088.409311776179
-1022.9925752298633	804.4535321850384
-149.60195699057604	354.0239502176545
1282.7421548519883	-420.1779584542396
767.8256550315784	-462.3080463293059
1159.9896667725657	374.920903330441
