# turbine_x, turbine_y
846.6348711123679	786.5526424218127
-1179.8936197566934	-439.9421614082468
-6.198149450982227	-1091.5739564363166
-81.55976402108793	785.2883648311915
1107.2775206960152	-464.85852014070235
-1073.397348828615	-563.6509256656565
-607.0485066474025	-367.08036940410085
296.8741552085908	27.8916264791794
699.3005968454399	-71.6626629526898
-385.2334119289523	-216.6657400417948
-264.60826116725633	-329.2287258476965
483.04727103242556	-897.6389676107772
-20.443192081840465	-820.1201769154785
590.9066679053676	1185.0613661889101
-1122.2953509938	501.42671651983466
-44.50961380984597	-293.9427677043021
