# turbine_x, turbine_y
-487.1309608294147	-740.3813003175778
-911.44752200023	43.8766850998765
-560.1349230591356	-461.76293776277055
-1255.060891237683	-488.1675959577246
-978.8633370600797	-754.9971337810243
19.732675202270265	-374.2904098735639
-594.2223226445419	333.64285970455063
561.2315276434542	545.3244549856629
-472.04001830832294	700.1881881473305
538.0138135006267	954.675369410045
-755.0418419690233	364.90828395431697
676.8810684942374	-98.39746561357043
-697.7669641559088	936.2797302166115
-193.14552057483718	1200.8800582945266
923.4055033691594	608.9232630747472
388.7118192226803	-364.4762298130938
