# turbine_x, turbine_y
-358.4138099284211	736.8691198334811
-665.995564516182	55.10455795168894
906.3402024040263	917.6628885407987
120.11140825424151	-1242.584294569967
-157.48623124071034	-1186.967662495711
622.0383264579618	-175.34697242238147
228.2577673275061	-68.54225527087424
-541.5204482404084	-509.782816358141
455.6062187889429	115.22401228503286
660.5242509322496	-999.6271538598421
825.2084429184475	473.26887046763414
-904.2050939107971	603.8823273256811
1112.047990479143	195.57114744816394
940.5993554599216	717.5608119905966
-473.20529311208713	-932.0859542335222
-1032.2068267548439	-851.0902220707643
