# turbine_x, turbine_y
-704.7063092464468	-137.73002173436333
685.7535845064725	161.5356796547128
507.9893115481835	-497.08084800867437
-278.26675058149897	-1009.0561041140592
-12.21786294642122	-319.44801672748383
1114.7264009522125	-396.8249352082178
939.8427510475898	916.8199870323565
1198.5212236960213	-597.9202015330693
-373.14774916377274	1120.831343329057
873.1763829044403	-625.9071117044682
468.8470229432473	940.4112529973688
-637.6807216962109	525.1810496317277
36.33184997546901	-26.056749666983325
-658.9394526149682	-1027.148334310343
-312.60593682217103	-494.22239899028995
116.35054229897617	-1029.7158438095555
