# turbine_x, turbine_y
942.8499849275868	-854.0341788111085
-273.75928117403373	-987.7001922492263
-24.66710687570042	412.4514775293075
-924.8982407371547	906.6364193298747
438.375624320577	780.4951759165054
-503.81831646866374	-354.9208381242074
504.60357433414225	-913.4969328979226
-733.9430833784146	-189.618605523465
-833.5089609270208	-350.4322265197809
-79.57164891350902	-175.58005671224248
555.7294132268884	1077.9663511686929
443.9483507253511	-382.6385799215751
16.377863803749506	949.9393269598762
-303.90007078586007	-380.7968830561733
676.1101675366602	-879.8064032432803
26.41967134220824	-458.2916268564367
