# turbine_x, turbine_y
-1106.948815135889	754.5072874593072
821.6169417457603	-530.5517950228233
-0.6371260999462613	821.4463645059764
-1.843312939726216	496.85700092885463
-581.4985648873035	1104.6556199675579
-60.38498903457694	996.3734534741992
150.465949634213	-2.86735534964051
-798.8315572071739	-327.15587982635634
626.9746355189885	732.2858196000127
793.8639831082461	-754.1513742910747
-243.31339050578697	1222.8610318093292
1133.0976050060967	-534.2880723737496
1313.0850885949706	100.3733513159684
754.8543688972587	-1077.8707439524023
-650.7050871252126	-118.09718254596504
277.453389241941	-884.8280663309616
