# turbine_x, turbine_y
650.760907654764	741.1519812251872
860.77524499335	-872.8035206468953
17.369543403951315	334.31600078231133
833.4964578162093	-267.7856304333209
-239.99385949777286	-140.30856324848978
-369.4806080100488	-819.8094732687265
-899.8349776261293	-900.057849831661
244.30184585694863	-460.2678267125154
-241.61732767837498	556.6064387656755
1095.6506862335236	-177.22723643817702
-53.393083082656425	-94.47285942809769
-31.968172754242907	120.00554486713462
-729.5971203244516	634.8044744815421
-1155.9965490186942	-349.6685629314536
202.52916020657148	-1246.4794468294774
-1312.5641797355333	47.04142364251709
