# turbine_x, turbine_y
1208.9378289255174	-592.0069155182658
208.99904384768098	211.22118462432587
-945.227330618709	-473.78067178226974
156.56375382083866	-580.156493428308
-571.9062026393186	276.85708534815416
1136.5953824560977	-158.03012414159832
749.2357818386853	1087.4657371668459
14.709135481864166	-260.96965187411854
-1106.9606235092292	644.1372334971709
355.5382901961026	-806.0954596546643
-1003.6080385419377	880.5399718693046
336.69518553339736	-297.38896798911105
117.83297313388843	423.4267833205066
-626.7048333241314	604.0058123491741
394.4473250823136	1285.2309825851653
1252.4453622538501	-408.1854516071395
