# turbine_x, turbine_y
-544.3564541441481	135.2908935527936
355.61658675374275	-528.4889337737397
-869.829421709828	-265.82860652829885
-204.01936364136665	-757.1386685737277
-14.90096896394637	-636.249803792291
1231.3966872995318	-30.911290409139003
-450.68629500098655	-53.02282607988453
433.2714886414005	220.80416763342444
-392.65601263925447	851.2569756638517
27.460489252520137	-977.0593093885919
225.88768781381611	1059.7806991023317
813.7653147844171	-303.9029399926478
431.49321352200633	973.8447015715926
-177.04070675680464	107.10325964532746
1015.4131111919875	502.30672873415796
87.79763482956655	273.4861715020816
