# turbine_x, turbine_y
305.81991977577024	-182.86684108918845
215.70965502367	-946.3313854554593
-181.19606573652942	701.37638684579
1143.6502819312507	68.03038959773451
809.9578011348389	-119.24181470335458
-1021.0132070836688	-121.93644490153348
-507.3405763039781	239.54239040740495
223.63004643040892	3.3887685712068905
-224.53519921535795	860.6690815526763
735.5754234894091	493.18646793654665
627.7087994827659	-955.6538388520447
711.235829682607	1047.0749287970432
590.8970223885348	126.94809014857293
446.0381238390954	-267.05726593443944
-807.1579191136972	-415.5461714725327
604.1098309141787	825.3080384352505
