# turbine_x, turbine_y
-1128.7471359826936	290.13344726841854
1151.3328609388584	-616.944355213649
-443.52670284938944	-117.48381406956003
767.5171048753677	126.31083397131854
729.3214061891916	-570.3378106336428
237.00367857198648	-512.8285683456944
-806.7701330796872	-99.76095528391365
206.9064034814572	-972.1897614059463
-1037.0735172044149	520.1203470784614
-196.0192742706318	853.3718271194313
375.17814333354767	324.35313019791744
-233.54666151286892	-744.500272781581
-361.24723653666433	1212.6257466692061
-239.97429798919748	-1221.6696271067196
1278.627854443536	134.62744272550492
-444.65795816794076	-412.8952685690785
