# turbine_x, turbine_y
381.8527920099376	-85.67634604179015
915.0435311708899	42.135967779610304
-313.4880058259115	30.556620302588435
-1113.4142057521926	491.83523620460136
636.4385953249609	238.61580430560818
89.2077127421242	566.3235434660716
-925.7580791762213	643.1874221465196
442.3214619685379	-776.6045261869106
96.19064951810836	-731.9477399618455
-104.8552059180325	-897.8435826722407
-546.0994768371818	367.7367728308855
-16.93153164359975	-550.2743565026357
93.96378493346948	1092.6241673556526
28.33678459532729	24.374013888828692
1229.489637571912	-82.04600045226536
-125.85850204480371	-358.1894326763992
