# turbine_x, turbine_y
-973.3393481391128	195.62911562279476
-246.83351865047172	-1166.198076471927
220.41759740741549	98.77530273229324
980.7273722204102	-399.35050492472396
-746.7302425085452	407.06099836647235
715.2786750028101	-25.91296504390548
1188.9899491944182	372.2520899470852
737.4383015533153	-1081.3303387991527
219.1187075696631	-738.8567003997592
-497.2302257281874	-1172.154779125433
-11.429941543326638	-397.24406057100555
194.24584080256034	549.4743786565687
-1065.5009369080205	-487.86823110040467
489.8355865378115	170.41051515223816
-911.8578664999123	954.7029227969615
-881.3232045351804	-237.96250069795408
