# turbine_x, turbine_y
222.09291466730284	-646.214223754662
193.3650917843607	302.38675188711994
-914.5822231137295	-957.8149309370053
-272.5567436239934	95.55139645857844
631.4030724756365	-322.8024587231887
-964.8930662999251	-145.26883642695853
-8.776743132668141	-511.12608603567816
-301.1179731633218	996.6979023355947
187.58035221745467	954.5136969358001
-453.5629802420177	1046.8126388576325
-812.0093186744947	-301.17491434788803
890.2018072109179	188.8000415224897
-881.0952388402752	979.2544448124713
-742.7738605755272	827.5576769568108
-353.9047127746724	-169.2914797808178
603.0423988863889	814.5027220693897
