# turbine_x, turbine_y
-836.3468234306623	-434.41471477394344
1065.0186156848026	-647.8869211515772
-396.6741590373145	21.13775587963267
-1142.3888086143543	-258.82891170557684
478.0621246417345	-1033.507182284703
1104.7675565540605	650.2280725422862
574.8688578404222	-1196.7873675406622
-687.1008425027234	-918.1082030470662
-318.7672021462022	-952.3390449035016
-177.69576329752104	1142.8734215631312
205.998094644795	-246.53837124012546
-106.83266047200513	517.9099540207164
441.5817683795332	1146.4051463801807
36.18327286838432	-630.8589483598493
1150.515771744076	78.75972371211061
-295.83839755024917	-611.4409266116519
