# turbine_x, turbine_y
1025.5937652940004	-248.89081357379976
1218.7835795093993	291.8611112020999
-1254.5134754016824	455.76333410575563
585.2406859503476	316.91819415198916
394.803267558593	536.6579261559198
-1091.3526965486533	-331.9895775808606
-896.8933219951806	814.064639685916
-810.6315865336517	-176.25117240329243
708.9511481094097	924.2021176449013
-579.6812084460882	690.4874717860301
-499.97201280218417	919.7181598560996
639.592281422916	-349.63779438429515
-1203.1415811597071	-512.0647636217248
-874.6209850034564	35.90657223331735
466.659571516144	-365.69137611232253
-509.488872880097	1151.0714124468316
