# turbine_x, turbine_y
-764.5104439707599	161.57188045015172
538.8879676216787	-287.0891834544919
1062.968006904879	-265.9429408590947
-1047.7431337908965	-338.9216932272921
840.6006967330298	923.1451564263352
-185.1878543496424	38.28233266928791
32.74679756198675	-1011.8003319242723
290.37134086374226	179.2205345322447
-230.75156496878026	-798.2904869639787
601.8694614096034	45.38237782798085
-783.5134493088128	1023.0932155230944
-1098.6143677380057	-607.9723583502896
-393.84126901849686	-92.53927915846506
-583.7748476938561	537.3900094933798
908.142645936564	289.6118169315632
-492.12016151387644	-372.71851900631805
