# turbine_x, turbine_y
-315.6946017024585	-1101.7233567186536
-204.81622810111247	-711.4587693907845
339.7935539819661	997.7147606326927
703.6619704831566	104.40022822890187
530.5514261895697	-564.3662183430631
849.2996565677454	599.7658092418019
-1136.3552854024429	-40.89123771404775
-121.30198675450461	-1161.7467327149377
377.5704878715439	-361.95235212375286
1036.4474773959193	716.8297765266225
806.6972273354031	836.3205835226291
-979.9853746664511	-288.9827495358605
-68.93164513089344	-881.7203907624586
-841.8625802191723	-581.0452096992195
20.099922549493378	491.58816037373975
-801.0397075893111	-45.35688129076574
