# turbine_x, turbine_y
681.5750064171599	2.5490930072006535
82.25175813689174	-758.3130783551062
292.8520262195214	175.07852918506964
722.9066797549959	895.6732990092858
-1038.09912618684	-404.2679771415135
-183.7398234949589	-1218.6215887566857
-934.4686647756289	764.0080109953286
-1088.4682366350316	696.3472860175376
-585.0694885472606	83.39170634063713
-1167.3923192779225	241.30830810288933
237.3253352315885	-159.72262333610993
-815.6316407776374	-1031.0533393640105
-1008.2300111476948	-70.27415400742396
-271.33448529566067	1160.0625960382665
649.7468747561036	-955.6837050298564
254.1389172939039	-457.7295363987865
