# turbine_x, turbine_y
56.1101172381135	1290.5543632070076
-1059.5637252807603	718.4563715667542
43.62840504500398	-1140.4126339217094
-812.9616339839743	382.0975563365312
322.5780709305268	-930.108716127161
375.0291958024767	707.6245867528665
1130.9393340718982	404.5585109726794
-816.0897539686762	-348.19700306578136
496.41201321645343	867.5854991579192
-199.2431378150313	81.91943261286264
780.8099940169744	584.014219561723
-848.9368677730806	897.8377002994854
35.20895177011276	816.9898021250577
-834.049065124226	135.8710886009634
-442.84924609629803	-78.40112879644394
327.85377740883564	-552.6912841521047
