# turbine_x, turbine_y
-719.2729844205777	-978.1031569606438
-101.00406508144526	343.75007589128705
1104.084382034423	-654.4828791236217
-74.33032226394407	-1341.279399020892
637.9461422342234	-478.87935681327826
-915.8211334626403	-83.051835643148
429.38478435643066	678.5710030798379
-684.9457052255108	484.34914638799694
668.2188594160075	76.81563045964532
-578.0813852612711	246.54998900612867
855.1381339494214	-84.66248690155895
453.1435328507669	-33.10532867272489
784.0078528055868	-815.332734565805
1101.1838598042373	-478.4241942053098
113.56917176235415	602.4403410748586
901.9398832403032	-279.8625495416211
