# turbine_x, turbine_y
-1151.0693671774095	335.29952438055176
1003.1075449321586	475.5382384315499
-356.38261652127784	1026.8766126213511
-15.346825993526192	-960.522956842277
551.1062274880057	518.9944677460538
1189.3585336682088	-194.0563713160706
1090.016599716217	-446.0692615081741
127.9636015306219	-1317.251155250423
-398.92755626917386	-598.7489967146764
462.6462652198622	975.5338314261
-1011.8335125347551	564.5841985814741
-422.1164771314727	358.88300699827255
-293.82551996739596	-423.1764448740693
393.7891181827095	-315.95753285067394
-843.1761920433922	1040.8497619059358
777.0438338672975	-639.611765373979
