# turbine_x, turbine_y
575.2080707901495	-791.1783011549587
-431.89495582419386	398.34966555899325
347.4908772230541	-1219.5700607323004
644.7901424708822	704.6547793423906
-173.05608369661428	859.7810025614793
266.41244051652995	651.9978343334135
-194.9502355557475	1046.834608581852
-52.43380096803687	6.230470241308739
861.4849543375188	-851.3556210496408
320.6243347947529	-1040.026818037206
227.1827398228397	465.47680231633166
-868.3981962145626	-37.013980985722924
1065.2448371977996	261.2811593537477
-422.35913902704107	40.96835458442483
543.179984659797	319.19279713381053
-99.60168189701348	-1199.507724293814
