# turbine_x, turbine_y
-415.817557229287	308.80467771602997
-575.1632660397588	370.31862700800787
-485.9149410385046	773.4135783582045
-715.6711769869897	-669.4894320648066
-136.62020397710376	-693.7459451413185
-1071.1929140485286	363.61720654968457
700.2888607843544	417.03726684715224
162.1541603349113	1220.373974103169
1185.8692793291314	603.8092488222017
-103.75541389332787	-409.28106125915997
-368.62564374665163	624.5809417306025
1115.5025364684386	-350.7503614144968
-1001.6240585676087	849.2717168311926
-663.722967848354	55.66769451715836
1124.2499706519022	408.22409973737086
-1310.1673757669273	-68.3176439376735
