# turbine_x, turbine_y
-250.17463951786573	-1092.0912672326035
475.7590588988255	-212.20883413659953
383.9565357446724	-1228.7838729967661
-751.4269782954245	25.455721801225284
-1273.55751513905	-286.4195771173378
265.9828722829094	-211.2463506872043
-198.87093763049432	576.228182814548
136.62931644040208	1285.4052591655707
-399.7598652744519	175.36662267765243
-840.199476974768	-841.5896076274438
-573.9262086385181	1091.1163538963656
281.31002606224797	1077.9644166713304
371.1831896560757	-988.7846450418081
-81.77747942179003	65.61494069130265
-243.8025728945079	36.299176477246405
-1186.4193785345292	188.03324583330973
