# turbine_x, turbine_y
-1292.7694781812354	306.7437774254084
866.2760815931855	566.6405614552046
-585.5803965776809	-889.0979322849594
-820.0356987340391	331.38809060587755
30.19054397328955	637.3745714693775
-1179.6963705502446	600.5662205960546
-354.35493554516023	1279.7133897718954
108.62478145466596	-64.40734028238175
-145.86896900783435	645.6024534335188
485.3646902478975	590.7633641282157
4.3021179661446585	978.4481822392596
292.8524687338542	-870.7568005041448
626.9774976806679	-273.06451913678507
232.8537706198926	-366.4476653163718
-551.4171727808377	-1230.46862289597
-246.2653735803229	-687.8616966328997
