# turbine_x, turbine_y
-828.3465022302224	520.4917822183654
1121.903852124268	-171.64247793848776
-90.40348767499351	-21.33529908278442
-309.7080676801808	812.4812497509441
501.65356239647207	608.8658093777452
676.2815842291562	-560.1030600747571
697.2663820441703	-765.544558794125
570.1182416410871	-1181.835315162156
-1184.5639598087605	-369.3464291252034
-980.8671613249164	832.7231067485002
579.9565816231736	-54.22262375267781
-629.903437747718	265.53985579865696
515.4134034127169	193.22812791908822
-423.2970068417509	-903.7380621554988
274.20290875895665	1247.103110028281
-512.276437753264	1248.8058449469213
