# turbine_x, turbine_y
-67.90343029298525	-370.7137194880505
-795.28713787405	-333.15202645156603
804.3402455230871	-460.32617361735737
991.304056058626	205.24530902107162
631.9481848504659	1138.9599380162585
326.22031087066404	-843.2877633195685
-642.1683646392204	298.88949924766246
-184.67681489003627	270.5136488975909
335.0430455500872	-78.20843542468387
-547.6537816550134	-361.59644302704226
769.1351217954757	882.9478304841397
160.02772489308796	935.7488594056342
-431.41069570512605	-1083.8812170863657
999.5982186090906	-45.74836232723136
373.5302450571724	-618.7475637604396
-1023.2402477919985	611.7069137695842
