# turbine_x, turbine_y
-678.1272168583838	-192.30295731752247
931.7205980945743	955.4577609502193
887.4226411932684	658.8794772674999
561.797785718996	-678.700646271634
401.0916890681607	455.22370063754863
-1140.330382181043	314.16522299977566
141.29447430877065	4.1476444581955985
-1156.1259102632093	523.6444054142974
401.6285144537936	762.6236979038321
181.90417256862804	1180.0988285977924
-181.05971987942797	-606.4011158704799
174.8816647871779	-1249.3566847886204
-240.30062525102528	-758.1166380811429
477.28947705323344	257.84497234423367
905.3211544054989	-718.094874425965
648.3293518842669	974.0463884626495
