# turbine_x, turbine_y
33.1445825518037	-138.16943901838874
-291.7643602369844	-1284.0749330393814
-621.5632003404806	-196.91015239012995
-189.7597511681974	439.194754277803
271.75782710898665	-581.2099803629762
369.0128600675558	358.97552332257845
877.1047644107542	-542.1609443068842
-398.62142956205946	34.96870348845875
52.959656867209446	-884.2965839147552
703.0110620514081	45.40408143593968
-875.2349204599263	418.47969912365073
531.0764302022402	-303.0321980388865
-626.0079778270633	953.0802965046556
1313.138685172808	-60.31698862996855
-1044.6214853370468	-697.6711544497044
39.56102906582992	596.1400616769178
