# turbine_x, turbine_y
799.4318501799203	795.8043324977098
1063.1084010019906	140.46979341379165
-1268.6038641679747	65.4551381872472
1061.0827394657356	428.2479684834816
214.2057755598164	1317.4394622629748
-767.2140123188198	-452.6448727466059
-284.43479053198513	-1121.0187057171302
67.73662107826853	-581.7130179975966
157.1022530409914	1108.3705104071344
656.1115450340617	-892.1107455340955
-534.3369156815775	805.261427302125
-1093.0751158308935	571.920955707586
-178.512132571744	-371.28032303067846
474.9414523245937	-7.39162975849621
-837.2831481475527	52.14764116994144
-235.01041880475051	-574.5828756906052
