# turbine_x, turbine_y
-496.5191134313965	1013.2763785923974
274.97632857711756	168.59155006873152
777.4519309831031	-936.0234515966059
244.88486141255444	1105.5846493164524
-921.628565867991	770.5122199683213
-140.21874032197024	-1208.2275934865029
932.3233107170221	802.6534239226183
-1207.2670807413053	284.0332479158153
-892.9536335578987	-449.6389401383292
790.4298662192512	-437.96735852718666
965.0535752965641	-58.70170920300559
-908.5988087942567	554.3578344001407
-737.4153233788481	-889.5093876455513
1243.670381929432	202.85172840102948
-632.9106700101166	-255.12002045027137
649.8767359935978	254.0566373774605
