# turbine_x, turbine_y
958.8860958257898	520.2955442784464
-44.639524746916194	-1345.8336773214041
410.10739225000094	-1006.449111675604
-738.4664952804568	155.6728030690719
765.2378128352532	1068.4685546307903
-848.5146427978973	-581.7264705387828
828.3444621495536	-341.0336744505082
807.0976935235235	163.40430295311356
-389.38234594618865	358.80493494546874
675.3464831892269	578.4951039857169
-352.5894263165718	990.8853504806428
-214.36397641970933	88.29292494831802
73.06425135826444	1093.9153029480692
570.4081738193399	221.871639272992
-1278.4971971197792	175.18769517517282
-29.907818612993875	650.5571471073257
