# turbine_x, turbine_y
-523.0796503672192	-296.12956106249123
-896.1239358726316	-1002.0189969245617
-555.7120506629601	761.0038080359433
1214.2872760383425	70.81438518724639
652.879217198662	594.987480963114
-269.70238171632366	225.88475634297404
90.11810413314096	1285.4811959295864
154.2968272298059	-430.127178453865
708.8608648756375	-872.6181296683066
332.65041724662865	764.7424423505227
-456.5416791312569	-1025.0958165191105
-76.04667542043417	256.47237433197495
-214.22523680540024	-648.6789612663699
340.6604866477168	1182.0646705624793
-740.5294096947894	-949.6738789527427
-922.9643723412188	-719.0454908386301
