# turbine_x, turbine_y
-253.24328633950887	-5.64812650119495
-291.50607618274336	-483.2888675833914
444.6381233422828	-547.6107801628918
-464.3410299374857	960.88786369396
706.2953266527452	422.09799400847936
212.7872941144903	1253.0945763793661
-602.2999146597277	-806.0034425923876
295.450840455149	-1123.9230838141937
-835.2441116112172	177.64424372854967
-290.44251261837684	703.5744691656397
-1318.9938747949952	119.5124553229813
-492.76487599403566	-668.0768250058346
793.4494405921818	693.0655157607378
1086.2408142239365	-341.0935249267696
823.2981926238376	-491.89814642598526
-12.519815550497215	440.9283799169824
