# turbine_x, turbine_y
-204.36167900133384	-1181.5033562414892
-207.35282591405624	765.4795490614116
-106.2979801019741	-867.6630729233714
366.10018774512616	-844.9091821670562
-899.3805687789295	-946.9291110170544
-749.4334055455236	47.12671761891847
181.832009800734	777.2452664581966
133.02300952250056	-419.909833350706
642.9298398698294	1040.261748233541
-296.266985811604	-51.797928831259114
-544.7699442972586	-342.35380343346037
-550.4105907590875	-72.15908756076534
-1098.4026683527475	-333.62432232413914
-977.3576144564861	738.6351146515211
128.97473061568715	-259.01164853645673
-385.0242997463553	-976.6718841095794
