# turbine_x, turbine_y
1334.4713996351663	72.03103840716932
-1085.0129303410388	459.87080888334344
-987.8186984841826	851.0685461004349
-789.3534854434884	-864.4312359273492
133.53560746281477	-1149.9257683027097
-533.1968262284859	122.14342960119305
-304.24269984180887	434.7101656340594
148.29990814888	-391.6391767206319
-67.28886275334673	-404.33309453759915
-350.52536571763716	-911.9618849580909
-124.48793242002698	573.6955344875652
1197.0028678622793	-433.21136929230744
-130.51127222197346	946.361133958151
695.1849601887944	501.1928149984995
399.6411647095682	896.8574235875101
556.3632327380874	-551.1277201565598
