# turbine_x, turbine_y
340.90663503112285	322.46266159425
440.7739887608579	-421.41755997448456
1238.8173119047663	450.3566057374321
-1028.6149552586737	525.9112598270856
1156.70183900667	277.1537254276071
213.57133178389063	-1140.294908755084
820.9136157459182	-904.1404066675959
-240.60858652076868	767.823330315994
1252.3299337423978	-296.2630318358452
-1189.0500107311407	358.9641551791019
627.2224227397484	1055.437109517331
-826.5498846855097	-495.5569617826834
-703.3256623476409	282.48691146031695
272.66598809696995	-617.056922871975
-279.09096913270474	110.80714595815407
874.8900353449503	-422.0705573524994
