# turbine_x, turbine_y
783.0137662093765	-835.6960597523959
-113.70554718940528	449.70609181465755
993.6444459159505	804.0317266977939
-985.340367003711	-2.1444134923540137
390.0780654256316	806.0579210401794
-701.6161431995963	-748.2245067131668
-531.1403126894623	-20.398113151982322
-1202.3371611459536	87.31968776140474
655.2430659658137	-471.6828463136217
714.4268637924904	661.5880743066053
-575.6670183320738	-1028.3815846722387
-239.4309798773163	-228.47948914137422
327.09936738288434	-1070.7000977482671
818.305349645957	-173.977775999445
733.6455931212535	-677.8662107648623
-293.79239652686397	1083.4874147681828
