# turbine_x, turbine_y
1254.4834355969426	-423.55821592309127
892.8549014709898	532.7996247188455
802.1044974638079	-745.0704441454586
93.22606077766973	-1259.9524097099836
290.31965340778453	1309.4339295448747
655.5131441684082	-38.656299658806816
823.6704171126979	921.1723954519883
-338.05169449217857	718.4521100428897
549.6588904973485	989.2639529392216
339.57976053559213	133.62268485068384
1.8747196674291366	-719.2347081190713
317.63789450020647	-209.14041979803554
567.7733406700511	104.008682278781
636.5243575396576	449.07175872622656
-924.3088484667551	-816.518043057987
146.7043166096983	1149.7710730933945
