# turbine_x, turbine_y
185.10718354760917	-322.00934621972095
-958.7822187734312	-68.45441481204273
-662.2586375049717	1053.1591457807401
687.1142822690103	-332.8277889444879
869.9635253405761	-292.8556798508681
47.52720594840633	1120.9296499139944
-1249.0710865852332	-187.3478513661515
-356.6078186943956	379.8157481336557
884.2591581433828	-36.665049988804284
-785.5627313043508	-520.3741778196792
152.5730903040226	496.8601830759908
-905.1217700473627	704.2186239155536
745.5259066870431	1024.1664918421795
778.0986712627969	-493.5916570635254
1064.816826911868	555.5284915967951
296.1101779473263	-1055.2468270896686
