# turbine_x, turbine_y
1070.5425480538945	329.41610188837996
-1284.1334820561024	139.98773561235444
-397.6625539802229	629.3350156207813
1072.1459635499705	-528.3236242726518
387.79356191018775	1195.0069615172704
21.355113511284785	1131.9564894022462
650.7422969679856	-392.48309743726395
-289.4849762394832	833.0188847499477
-293.96964798310773	-98.92000470259927
1320.8408112272657	-148.39423259505256
-637.9621026412802	1046.7449302612918
217.9529312545097	-657.1195716682779
-726.5911964306804	516.0485792850798
-547.574594947959	-196.4179537693621
-1018.5576987291371	120.91500091269269
642.0837871831781	-1072.037630854001
