# turbine_x, turbine_y
263.5020846964419	-540.8014943992924
819.2020835415187	490.64577779446574
-691.1193707222334	-616.7784347361534
-1120.0822694826827	672.8568621705465
-469.2733413083412	495.94352561453474
-1197.6539064398683	106.70528425026693
107.55995780005487	-936.6568991660056
530.0613157095934	740.9932352638439
373.8746591905195	171.46821421485328
748.448011617632	921.3967722069418
116.70383465632162	207.289147355592
-1148.6257794226972	-209.15932943689631
-729.8220219284353	416.0842920716337
779.2069115588	-388.5611710206652
-1033.8888674747263	-738.7634501217475
995.1194837799105	881.9685995215374
