# turbine_x, turbine_y
-1021.3876568891221	651.2276519914917
808.6273098423219	-696.1337941443396
6.134779293336079	-1192.8534527282861
1131.8611250063618	-99.39621151504036
553.7036165075118	326.4321358493992
528.7636247296537	-30.624792839364545
1171.0338004160437	370.65994878289405
-1203.956263487848	-285.20053509670527
-409.76883793795884	638.5858186863568
168.67455372195658	-812.8451647723016
631.7098452547227	1016.5248328007367
-1041.0337018324271	-308.1785097239484
137.93361731980121	-313.0089046098329
1305.9008889349345	-318.1734377607741
-1141.4059090602375	471.18758122856417
-338.9078501101203	-961.6182242694622
