# turbine_x, turbine_y
333.20761962312747	-481.54934802525185
-46.33411177274445	-882.7476713280016
-128.33342859151048	111.93163348522575
-992.53699634152	-111.43464031193768
120.72924678288209	-218.74657858008763
733.4830324069458	-983.7147984014998
629.8948473605948	197.5788864678605
376.7832494209255	1158.6503488239587
224.05845708423948	-699.8507704559615
118.65917297378448	88.5759102246316
1223.1255480881098	-517.1545809966435
45.46332468366043	697.7964913561613
-465.6714301253465	-174.24747300279816
-1239.4144918498175	51.664984537892344
-308.4461536657672	725.8408214815929
213.6832507246988	-1124.3684171913849
