# turbine_x, turbine_y
604.8346779708206	-1187.3639500712588
-188.7532224099468	1161.163530224037
-370.54129337188704	672.4296185410451
395.41980813336835	744.3536481487358
-63.13550050672001	395.42514923524675
912.3293639233354	462.3328585966418
142.70832291159232	340.86673544777835
401.27429433496854	-1163.2716526109075
-878.8710835604876	519.2776546747798
-563.4145490594655	-860.7057407866472
-693.8482384706792	969.5392323227858
-1110.3219313167815	-736.3987979789059
597.9291592984915	-874.3890250187064
358.51065010875857	-894.0581987016877
130.22265421787486	-613.4586275991068
249.71091437581347	-223.14457336159802
