# turbine_x, turbine_y
771.1764482734717	854.6005846737178
385.24410386532617	50.33803865168789
-182.86291242919313	1054.039259965296
-689.7809682137009	-366.72835498384916
733.0207998692448	100.47893958574919
301.0268760896861	690.3485477100883
582.1968257422482	-251.86118571628646
-619.0030969872935	-894.5483713529559
-51.153295416257635	-384.7434665781275
718.2475461116079	-522.0442582885648
-263.52908003101965	-95.41798396994152
51.87842766144	-908.8461047115179
-912.712776781588	-463.731238940312
581.6760165921813	-1039.6045821777113
-375.86432070600927	-1194.540462553226
122.74464839553643	-1336.0431278895235
