# turbine_x, turbine_y
1056.4867806530374	-502.29051966543074
-1248.4531821874086	385.2692531364322
-417.4598126659448	452.89992208141024
-61.167477371325106	-939.3568335259243
-327.907407375026	1025.066452030145
243.4417980496081	-350.96866069621007
461.10917948693736	1234.4626119201725
113.36086879493324	-41.997379411305324
741.7355839989556	135.3675575844665
-403.965687799135	-603.6999384424403
1235.5461827513097	487.8010337094479
-938.6616507591169	-409.6614518074646
161.90261535113675	-982.3430625772369
840.9737300280638	391.64395305705347
391.2181329807502	361.2944840498194
79.39207845447265	274.28530360768775
