# turbine_x, turbine_y
1155.8366740121783	105.0356179640342
-542.1981368510742	-52.2501725483314
19.385267736486078	-172.2353004646736
-1058.6095898421866	-779.9061907509561
1041.8336235814536	-486.2818411800575
-53.120905912873795	706.7488483107038
703.8567976772946	119.1199787704285
-100.4096930907655	359.0490494056812
181.0234561090186	-511.6457281108965
-194.38504971452818	1244.1167340563516
922.3357017449698	211.371753658302
-395.12874096408035	-127.47078191714198
-1062.56534161077	-216.75818117347458
-261.438638691003	974.9655348014362
110.48385708154771	-1172.2943166200262
978.5358635171223	-293.80137447454086
