# turbine_x, turbine_y
753.483488135244	-831.3526309097731
-879.7326844350142	175.77544431787175
-1089.6513738712774	53.8386506869557
-916.1017154792106	905.4245218784329
-273.3847607626033	784.2018877135442
105.45409056633623	1202.600142809515
9.235471371917248	195.32954033135312
135.47933834978724	-505.67063135424627
-452.02212666189143	282.0543960797523
-28.738064350239156	-669.120764394352
-379.1704021491324	566.7562868027222
-757.5242732006387	1056.7244646286904
-17.925654108886178	861.0300666256068
734.6365739409789	-571.5488233255271
-1054.31850530413	-611.1601413498585
83.65909217220798	-1309.0415176704053
