# turbine_x, turbine_y
-1044.9554775667007	210.61007808086222
131.02207272635357	886.527884763387
-475.4458048381094	143.28559559074455
952.5871558062883	-50.11391219092176
543.0984311340792	928.4650461436739
-847.9070965794525	559.0223111968571
-138.70418790688825	-1176.5127103025925
-729.1282018414229	1010.7177656651608
-911.644893656334	-552.9259244065502
-584.8081084702071	-770.2482920574552
580.5957324868175	-89.50497796327039
-152.10478265461037	-883.8576123680041
652.9293391273319	780.4469500212083
-760.838155594652	93.69082542196985
-1312.763526073627	149.44490204832346
818.6196351454347	-288.2415576043745
