# turbine_x, turbine_y
-685.9074449599776	-963.7477849007539
-171.57424908007627	159.36315833512546
434.6733125120186	-1250.1810850370462
-893.8456429676992	-1006.3437733287958
315.61352112852325	-429.79399016129327
-52.75216738693138	-1134.601155962983
-1128.7103527552676	703.5286998542616
223.34267508858497	-1061.4774323491563
-1295.4312653766308	241.34515353491275
70.23812452781696	-837.6859917788888
1234.6601834225976	315.21094609241544
-120.47790388711226	-1326.4061845141437
619.3496172760725	-210.9434609561383
-786.5042152466716	-12.858789302482876
-564.3299678550205	-22.867961495896026
-404.0382052652359	-444.8223848546426
