# turbine_x, turbine_y
1289.806703104002	-139.42605470906182
988.8664852273721	-680.6474526557507
538.9777561621967	543.7126653016267
-445.2118744914674	-1198.3679601639806
387.79117703568704	648.5393542152732
629.9920544400059	-504.72150311558914
-1156.5072507469354	-685.422505125622
-656.745140492193	67.28745499032618
450.469730222195	1070.4786767405774
-1124.4340180923896	126.62588414963052
516.7393694949866	-241.26522108890583
202.08404292244614	147.4651528083972
-1186.3598886408467	478.15991588367115
988.5563481445602	122.20721042554823
498.5636362334831	240.51813248418256
-393.504415057695	413.45754938644836
