# turbine_x, turbine_y
-1237.3587263660763	-246.6949707101377
749.4301091073611	1080.4646056660781
20.803633421617953	219.36640977472402
-985.7358256688318	-915.7778511649332
-6.637146238357738	906.4839865807588
1333.5999690952533	-112.73020657161892
1113.6426584866979	-265.6172481019357
-309.4458673833244	-1187.5283069729635
104.84493087358042	-227.9141682745754
-52.16970900724576	1266.7586610176845
-958.8834003427514	-594.4653640851284
289.4845079612658	-1056.3839719670561
-847.6038675810382	-455.05911927996465
165.1602344858532	1148.2754682130253
1051.663471402413	454.1270188071841
642.397106849511	187.2847998691732
