# turbine_x, turbine_y
1126.1783468613046	239.08052755068545
360.07912265233915	-49.57323686009616
292.5371176557475	292.22987174043504
-126.45424360957401	382.70784550455437
-432.4533935814196	-1191.449868584008
263.2571974478861	-767.2632886427231
150.74467030761255	1243.6305689288226
613.4864739556482	-497.7066527130268
451.99265993567155	-538.5143685921676
770.4261634817107	525.0304971326054
-218.5546112828157	1302.105788053442
-608.9586114324225	662.5668362220824
-850.7280665775992	331.8072274065163
1174.29245218371	451.2037903869817
-177.88855135300477	-23.168841256527138
1036.2415886666372	587.0365052139224
