# turbine_x, turbine_y
-189.700491085534	166.82894069515277
-1114.8095939719196	-49.13717084067777
105.54262029678353	669.4698715877577
1138.2985830937957	-470.386014286825
-1121.8545139222542	-712.8451023846377
-282.36570329163345	-985.0735590851496
556.1867534604543	907.4249730964412
-702.7357659420304	-426.9986561573828
992.2209114075912	-755.7295089535626
139.63682165477894	-801.4009160535453
333.88353742717305	1043.1624374576902
73.24594004071349	1055.1054182069877
-1069.7857340652165	364.8567719223318
-619.142089126157	-131.8604174344967
-582.0942503898353	-987.7681546991673
716.1096401719542	-1121.0134652056006
