# turbine_x, turbine_y
545.7943532810568	939.4745733264251
-213.75064476950763	46.64884450014406
-600.8823954744284	-578.5848954532518
1104.5068209890424	703.3756978538204
927.7839254909628	505.3250787909525
-64.55012037925658	-1156.5017298646835
-823.8560716100842	1010.2772531874297
-998.0916294356196	-586.7465361380741
-211.7843201187101	726.7686688443525
-405.3125708679831	-151.89177251862014
-1323.388222011471	1.3914153523852058
846.5519408256046	836.5640951259668
95.84904715869058	894.8521606417629
707.0315924904028	391.13761826013996
-744.6772689871406	-1085.8422870796828
134.35948985013536	564.955000700441
