# turbine_x, turbine_y
-450.2077626435113	-936.3439093952046
490.1245914650884	1213.883237916959
289.78488374509146	399.5721450514654
-349.77863662480814	-1060.9997888125868
873.2611853714604	-693.5683355568268
773.323867488584	438.827619922576
-459.446615164833	79.17653023851821
1332.6658936917866	-58.132757760305644
-321.3085691977372	845.3694334433666
75.51262316207503	1076.0778737190608
1140.951307982265	-162.2351988190637
55.160839729280966	-402.5937037225566
1121.3660233651815	174.25715794430334
-700.838867895982	1004.5248283517752
495.1961981858109	-1092.330854439861
705.2646637001932	644.1157487966774
