# turbine_x, turbine_y
-1218.9646918392143	-147.57906998845223
734.5125638056619	-194.40029743065068
463.17170553737566	-1045.2058766491273
86.00590065094971	-1218.5549886301008
164.17338981380803	-845.8082713906055
802.4425121068138	-501.23970019467976
164.39813598825373	78.536034625491
-1223.3355372629508	166.5647204522851
-189.47332507942406	-1047.5307748164328
-895.7128606111634	444.9929809381679
1162.8470426618399	-466.87465995233623
-1056.7673007894743	518.9297387705807
-551.2838074452935	1159.6102148683617
-72.8621508810054	1021.5706554109602
807.9072845503163	810.9696390579448
-67.33270019450744	-1270.3244481999611
