# turbine_x, turbine_y
-110.23718398857913	-1225.299669395597
-869.4169137653732	451.55388418194383
64.3794654626761	-262.6812592126404
-1090.0404715473444	266.1212030386511
-914.2533866523979	817.7109435666162
-639.9011178731599	-338.59215334098866
-901.3279004098989	-563.8924482646569
-414.3649989244327	-1039.7775778020527
594.6170106822344	-1123.466055315264
461.96285331129485	309.25641575538896
-774.6014270535476	-816.6172507243466
-409.18756588314716	418.17549420766653
234.91497932320274	-419.5032899757339
1053.0006810930015	-360.98217993530903
439.0235560775696	991.1133676751145
-756.3401385016223	112.47088674069747
