# turbine_x, turbine_y
-166.20564842583073	812.7672047328188
436.2850339795924	-874.5220080619708
-104.9661631813918	-517.1788747803023
-1056.530629651626	667.1145525739389
333.053802279903	-647.6318396699729
852.9593546065729	418.7266483346409
-31.687192794755916	417.7005745983679
594.887277932063	-441.7482153258135
-138.1046208347259	28.606431108870556
307.3077947707169	-1223.5762565665912
99.73603013423742	-265.7097532073678
-632.0471667002923	784.067322869053
-64.86879709244295	-689.4738725017917
-980.9234279651943	-684.6091812926211
-21.397855236172568	163.44773379126457
-668.6258707369727	-727.9582665097611
