# turbine_x, turbine_y
-25.937354841891125	1346.270486898348
1022.7890406658694	829.3915427163765
95.57901900287833	1167.876890468528
-508.2132897142023	-482.97375084740605
260.51287580402135	-33.431995603167096
-845.3590200017604	-201.91882656268496
766.4300255104368	233.42012850135396
473.7366068494523	123.54644892997601
134.78763992401989	-1337.8410616164997
-195.8036607258422	-205.59089835936365
364.4438862893038	509.95624981053174
-588.6400283123899	-106.95585132920998
1214.369735438767	-560.7409867854374
844.4175851533921	23.852023019406367
946.8224328176823	-550.837648673853
160.6661267129899	-783.6918480435053
