# turbine_x, turbine_y
488.3949410437846	-127.7944191558599
707.1036863564625	-453.3816086706213
-335.9393292870686	-1015.7418154419963
-943.2104311458911	-843.6454476088421
-1318.4209221988106	-0.8770865167491149
-611.090416075045	151.59513284187943
1058.4830345478845	118.3843267415532
-165.18016601178772	342.60908827236693
911.0179700115641	-529.7725626779261
282.5857798875813	-113.32377843081281
-1042.4007201833765	-214.93733288738048
782.1435912872616	-241.62514172151313
1110.6971400911345	-489.0889962905144
243.39956300862795	824.1386850633767
561.8899795818988	-561.6646999681632
-545.3613965836488	-538.5892643473021
