# turbine_x, turbine_y
-456.22388639094464	946.1253410388883
-258.86286985201485	-24.853442601212627
-711.5547089862454	885.8686589717381
132.0873171184479	977.907796979536
-4.09388388693448	-15.223960982727203
-491.8893737436563	1115.993856278593
-235.73472668738265	-1306.3804582118757
1280.4133954551285	-112.17494923844652
-368.5281402413096	435.88936669125286
387.0146584198968	-401.1455047777645
-117.19809891603856	291.8317901628501
-250.27388513260132	-694.0778875484766
494.2817476283755	-265.62031683171
-250.67091123267323	915.0509020595489
292.8283579198161	-729.4260307063051
-525.3308618943258	758.7566750832376
