# turbine_x, turbine_y
-514.0509764860972	-28.65919081094215
696.0554886360225	171.21211939585575
1154.7200991840346	4.182935707728319
-772.1590681631949	700.8178742603302
-898.0883050214687	-890.8956670741746
49.12936026686725	-279.81918881241234
493.9474766883018	-950.8231147809723
148.96091291901664	468.3565735569203
-1254.0686038440438	404.7016532694883
720.379422971168	1053.5676466957386
-509.07561454073124	-463.0228183582857
369.699792091081	-637.978576331491
1145.2852471148844	642.5866151986371
-1335.2855104262444	142.96372615615974
287.55230782021863	42.22369197323195
829.7681770032948	-794.4061410340098
