# turbine_x, turbine_y
568.9097338226691	-551.456269315882
-937.858736775807	897.8891061837951
40.40400247675531	799.9967844991128
-366.14075655545884	152.34118801553035
864.8380171095448	255.27069335018294
380.5428742447488	816.5194577551545
-1287.0307425855926	-21.855069009076942
-694.3980088373293	136.19837133948894
430.0941573730381	146.57027931259245
-129.77596844336796	-873.8396383916768
473.57383880141526	1231.206111949116
-67.66886709863256	1000.4859925507935
-11.43252774184278	1300.4248995371513
-800.7413153818475	-541.1259230232545
1079.1386238681584	66.08634359737864
-852.4636885072915	202.55302629411932
