# turbine_x, turbine_y
705.3605121350543	747.2986290737151
689.5765670605537	-283.1318717327159
-836.7256376276266	464.3349906258206
-1150.912399055399	-98.56648772752182
-439.4770255749448	1008.0964538068432
-504.15535731635515	-533.3926125878916
-76.74403678008494	1067.0779702849402
-764.2173718000996	786.2287998694112
404.7407175729663	-960.2058328787059
30.48275881927087	-428.7138010350811
533.8658352777104	-488.4225905682822
934.8240293070307	-844.7723806799627
226.55721749222883	-1129.0922782765374
-987.6470046812117	-750.5057340998228
-643.8734072134988	-1093.3597488235414
1212.422509415709	-216.01308392657558
