# turbine_x, turbine_y
-394.0217508214504	1268.5464357766846
-600.9056378935159	21.0659176296204
1012.2362381732518	-807.9364695049013
-258.6263738730706	190.85054778526924
-411.5000826128873	902.0853093397495
324.7173624899283	1079.4020613581065
-689.4609778289334	1035.4400643171653
1219.7020919814095	324.86576758344836
-1033.557798422384	658.4232811746293
-129.23501225065462	-1042.0931552716013
773.3035946419845	365.5050161864714
71.1867993989018	-1314.193707590083
148.92078770556597	-495.37125439961164
501.3893303388204	-265.1084763189261
336.9085108548657	-1160.494992051644
486.74259968090024	1112.4287872177954
