# turbine_x, turbine_y
96.64972550036106	-356.18118847292095
999.7587169174051	777.3236178184733
275.48081139489943	610.5644629277565
633.7885501969733	-244.65452339677438
-1219.556216131114	194.75278783041298
637.8389144957855	-719.1250822125069
1099.8022656199823	-23.289376149814387
-122.74852286903565	-1314.7264729349758
828.6392309304897	17.28287834846407
-102.94771381258	-442.2436582822107
1275.5501998807279	-318.40949646900356
661.5177277391541	87.9028643047265
-911.1651073184349	-906.6505952911759
919.4852760793859	599.9697434287738
215.1640408123806	895.7972763597379
-520.5316214797265	-385.54655663499034
