# turbine_x, turbine_y
-615.4330052700311	465.4566620840945
860.1570092748444	497.23275913159847
-260.59131532263615	-1195.7256664010265
1290.414713509002	-152.68422294083047
-540.6536580421288	-344.4004398385804
-1186.736413145106	214.49125153287082
-1218.266183104615	-186.60220143647655
-802.2681296828517	396.56995003689605
391.83519428287565	1260.514192982931
280.1048341774292	-585.3708569288614
35.643836811483794	1069.6770348546545
-110.88352678166689	225.47625838435943
220.95144534035725	800.8265977119062
93.48449065836047	-778.4785082818926
996.0326978796165	-317.1733925315744
373.83378554721907	-1295.6143890372286
