# turbine_x, turbine_y
-680.4820334112437	-172.1005199104043
950.3594654566326	200.69059450961095
70.44719910931371	-1052.8830158453738
387.4612541924838	87.43265644556595
-671.073821477354	225.6211574976386
390.4059915968963	-746.9733889943682
930.3475421602668	563.2330072084027
825.113664593777	689.6092375818288
1048.392302225193	844.1131238582524
-308.9153307083425	-784.7184564712313
552.5145390839772	-484.31082048006687
-481.53790595717686	709.7354831420421
-850.2144926735771	671.3418258090276
-621.2775904968264	1149.7856335144218
913.5203769011562	-414.7561259400369
-1221.4935163154526	280.71837895417735
