# turbine_x, turbine_y
-356.75836347382767	-886.3308499487449
948.7871128298581	-498.37119146882156
-261.1367630862415	-640.9005859409474
168.59521891527248	-1221.4239035208057
358.43255286030876	793.2826763409628
-437.59876448938206	1174.4349252395416
1257.837549627113	89.66525591245751
-861.2068260477654	370.79363624215324
320.43164639103037	3.5213054175519343
254.00298281369137	-848.8372712296721
-780.4977554353015	-535.4065040404989
554.336105850614	1100.6909610188563
-691.715795825691	509.79873068801413
450.5252898774467	-175.0962109653516
-716.8521859977044	-90.24800196053025
133.5539847235679	60.37143254887014
