# turbine_x, turbine_y
-937.9947247872901	87.73510732962441
856.374946074625	678.3217638803764
-885.9744449164945	-683.2000524921204
-994.347152660564	527.3123772167436
103.58074261666329	1343.228312534924
358.3955922260924	-761.376174872494
359.80874736988903	419.5248680523981
74.6452372480626	447.7854997114809
677.24594907758	488.24488263244785
504.0281608930743	96.67771325575471
-175.98755297885336	656.0132412078381
1348.0201297321669	35.47405298522959
393.42545042031253	-525.6529657611759
672.9038675047319	1135.3678492495012
-804.6823946985561	591.2639263487571
-727.275610922477	8.77307075414726
