# turbine_x, turbine_y
-1190.682563311552	-144.07786964313573
212.35435185743947	584.4120327606179
713.347906166048	-779.3412597216031
-578.259192374315	610.6492199011254
-1163.6455246755936	429.6822498658428
721.1344688598194	1009.9368927677538
-673.3489349154718	-138.82071454587623
466.8524357485897	318.3068003321671
-219.4163954510481	318.8821031739513
-548.1254355821053	65.7887278737622
299.26764037873056	-585.8035648069791
-427.9117626621314	-153.49772931191126
85.30280342644664	-518.6333714685699
425.8421087275206	788.5735915469332
947.4984249545853	-576.3448944511267
589.4265620671514	1115.5985043042735
