# turbine_x, turbine_y
-896.0917585801143	-202.86491946355136
-713.2216830110264	587.8038518344993
467.15385535502566	508.44236594630604
779.8547657244949	-454.08835753119865
1154.0845199551372	6.590418860094616
-1056.655403232981	793.744764619316
-313.3371347245639	693.8158521960763
205.62606035974298	-1051.9349666713479
-662.2602175028135	-574.1865350093359
28.367714966458422	-1078.233875071876
-489.5908681475622	-1217.5125446415775
-1289.4488722152869	91.0336959174777
564.5159646239807	130.62584261318565
779.3214996994215	809.1269522887164
-387.2545573019608	14.222599905405398
-1133.990638690007	-438.29181458492434
