# turbine_x, turbine_y
964.4518112478914	-481.1169767068358
-295.46644990552204	-727.5275283377871
-399.8061143149308	436.9746145704663
-456.8298109072685	-647.1812533673003
-20.031564132808597	-189.1985849954893
566.1204981763219	1014.4543576433865
333.6490598956404	982.7624869188455
200.5100417054597	-401.133667780881
-14.922953302503972	1336.5543186736218
569.5514100022303	-460.9852490039519
-1086.05166870565	293.7757272255099
632.5952949179373	-949.3309165497147
-730.2151937897447	634.4247807329463
-1033.9642787956877	-529.5799969711514
0.4096109818230165	581.871535191843
538.9642182190861	-1160.5969776667646
