# turbine_x, turbine_y
1076.4819777334294	-346.6078528916446
1312.5020130731966	220.86912034551926
847.163075888573	305.8223892245681
-1101.8795712410308	150.57554262494742
-12.8172370218266	146.6105223786176
455.27519409671686	291.5482374021862
-585.6200205556439	1167.1501935342426
415.6635138202104	63.02283504861865
1204.9691280537188	-245.96849410533693
-822.9375396952572	301.9178692452009
-21.476257357375417	-276.51850618720835
415.2128402334527	1057.0062271825634
381.33920293370085	-760.335618342952
-592.093861365473	70.0812803714943
152.4044850583779	455.38656094004773
-804.8905210372945	696.9188782444561
