# turbine_x, turbine_y
-1016.9155350215049	228.17452049625012
442.2370355128126	-703.3994446514555
-50.91502375982233	695.178691941813
138.15446833790065	881.7018734707741
-651.5596108033011	-103.71673899048521
-158.8282084496333	-317.5467436070639
-240.63773776767948	-71.46588964442068
728.1657564258113	-786.5931138999407
-755.9440274794342	810.8394988793149
753.7409594027835	628.870520019278
-284.3544495209696	1300.4503250397838
534.5286481331849	-19.490859195571673
-1070.4498662782164	-178.16143850170704
813.8599740954651	-183.0168118598321
409.4270213592991	573.1416707555189
263.82497642141107	1303.8939154160687
