# turbine_x, turbine_y
-2.5961250809218406	-1285.542157845001
407.76930931645114	1238.2076904310202
206.7070747731877	677.5235992860721
461.889968692166	-689.7166911275829
-422.9841895610841	-969.2910607829377
507.8582279429958	-330.92457784186206
-777.5836550277994	449.209204118395
-742.1913645040003	-351.4335756234399
467.7772632495443	643.7637224666273
195.93765789488123	-269.60396800754893
-200.69495272058066	-585.4774546401334
1197.258200233324	-448.27371801460885
-987.8641484839732	220.0526445719242
282.55162232212916	-1088.990233094608
-1146.0752472994927	516.8922662704682
674.1845992063236	-976.2422576456986
