# turbine_x, turbine_y
1153.160381738308	80.2226566325571
812.2163828203131	-147.12946897529045
712.0368380395254	-472.4705799964562
-473.5800943716319	1234.0788700577887
-294.3618113259152	-856.0034912298128
603.4459208521158	766.5316475717324
424.0516337670259	-1100.2560127215377
-83.39538641544881	-594.6296197280392
237.65346964112575	968.7462982892956
1114.1748969117596	687.492776423465
-945.9746363091024	-270.6640580828176
454.0003264318562	147.7848673769656
1103.5990545771433	-683.0549862837867
-36.461603459273206	244.142267902124
598.0791685573254	46.98692612723217
-845.3129841913651	-41.19588364143652
