# turbine_x, turbine_y
33.22746998436927	1292.3990219364423
-633.691871763859	-468.147513586631
130.19531721639598	316.7408426258486
-969.2178112223099	-593.9159020421646
-1065.5776824416776	136.8155995673524
-725.4427808857596	907.6576399100927
-370.1772841338179	-535.3942379762814
547.5531525338707	871.7142240947342
-115.99002229933366	-202.62853059163396
-856.2767098230869	33.990569320393284
831.2042105981618	920.3255387306398
1258.8122301558449	249.50326540733874
-655.1181121858119	-110.47729023248519
150.96830175520344	99.58925884381533
-446.0013162456734	117.99594197494088
217.95916709426186	-510.757581364104
