# turbine_x, turbine_y
69.05107925951049	-732.0097580032912
460.8060846049239	-912.1676561421044
-463.9255624379048	-374.81787725549094
355.5968032138385	25.743883708444404
-843.9975805658854	227.59280048281263
1193.082581781243	467.7352353811245
338.5943717230655	950.6143099278936
-342.3410987737461	1033.8132069712024
630.6991828768256	1171.7956533807487
416.8345224795102	-264.2344003485376
137.05426981010126	960.2885674170454
907.7847122567387	-564.3064851959816
170.91270702080288	-437.5083584429906
-244.61934729455095	614.7286271025503
-397.76377310738803	242.53792417421215
-962.8999895133456	736.0832738789001
