# turbine_x, turbine_y
-205.53597962044074	-29.386875739594707
-149.26330059583486	197.91156437046075
1178.033542887362	556.6112765255531
-1127.0005064104034	-323.5532325365837
-162.1416360170165	951.3510559891472
375.31205028039693	-563.7627311152154
1188.45027739678	374.15497298055203
100.5975358006578	-1051.0647088769826
695.5160717360576	-135.51056403378573
511.6574438483	-360.1143489605403
-13.702431869883291	-505.814785606977
-295.5120786987494	-913.9203057466576
-401.1188835340055	744.4382924830055
-67.89220661531319	1290.9535988426662
764.7341127061212	-581.087703907166
2.301592682998166	84.86332739644995
