# turbine_x, turbine_y
1142.5824186812117	-344.6348223735932
814.5140683228225	596.977746983041
552.8832694297403	219.39243963048324
757.6846162454943	384.83596593943076
-697.1416899127046	1008.1895876151032
-914.0635847468363	-550.415201824854
-377.5859262359448	679.0818410713362
751.2958535101196	205.28722023259812
388.82451591648805	-576.0580988924751
-165.88008528440793	763.1732510126584
34.64833027256966	-1168.8194473308477
967.0535915781242	-615.0336819628399
68.70110095940447	-938.5323544138349
170.09316426919145	134.66469389015424
594.2320097431084	1186.8000656542288
-245.31903219383042	-1125.7007771300314
