# turbine_x, turbine_y
-508.70835185413154	-336.6705318332472
-500.2286795058129	-36.96216799876444
-1215.3423617909104	572.4746043915966
816.2636803537575	-798.2640485937864
841.8252782500188	630.480897457321
606.8528112515523	-210.07544506958934
169.12161574461092	-866.8346004233904
837.194191694931	69.33954595519367
105.30674470253688	819.896998009834
1202.5904059412117	-443.84900720034597
-1112.5834309060522	702.9471932629652
-696.8741693122856	1059.2372699347698
-201.09753688699973	1107.0571284927933
-894.0733826803349	-224.56669392982954
-654.3933183039812	-517.6233795438086
-374.7418433786135	848.0923168103844
