# turbine_x, turbine_y
-526.3278972215954	-263.7352977979275
897.6964204717203	309.6890333363733
-70.43237551468073	-1033.9624864341702
546.299431870852	-93.10725595683138
817.5654132368891	-919.0801071689808
-1109.6470679353472	221.3751598198244
292.94349164852815	-1017.0933593143128
-284.3384620300269	-577.6884228704778
-289.56199012229905	906.5016798668079
521.8367431964238	172.62810139755058
1220.6297148887788	98.09403210095225
1055.616620822871	67.11949669628896
-454.21865111512784	683.2053234171093
896.6374303027513	930.3830061237875
-898.6864481415361	899.1060918908175
-330.32281923766584	-802.360947102529
