# turbine_x, turbine_y
-231.95909628139927	1258.0025018289411
1065.7843850593174	-18.51534580572185
-114.5875624211869	-1097.8375212710698
241.7432228426393	109.00013058736158
20.28531446020807	540.8927813691705
20.726253560252683	-723.0941242238625
33.0746921045713	909.3084845577837
370.8411189294633	779.3566977561
-649.6431092234077	616.0595409584704
152.73907064732663	248.3390353179452
-1096.0904447241348	-729.2657374936372
-381.76568267324933	214.68991354584176
-1146.7178781460202	555.5328726133782
-1089.6486280215406	272.256255472451
-137.5810682581276	-426.24582062867086
678.230143480298	-820.5849066456403
