# turbine_x, turbine_y
1199.1104901929825	252.11293912472576
-429.60490508524185	-1268.9309253511367
597.5957990262629	-618.6496876468508
-52.24499393706479	748.5504383932243
-358.4150464639982	608.5737614418808
500.0973339335509	84.8885782554277
-871.2115668671609	64.0528568978838
-155.79093967521467	988.9508408006095
-541.130396514338	873.2286088795037
-1105.4758917413687	110.47802368731685
-748.3600894774556	-147.920351828684
705.5553391020735	-983.6955826097432
135.27695425963304	-621.5638844819077
-1055.1398545814063	805.1328361817779
102.70785830887577	-255.07096120951792
-963.3894352698042	-736.6827480100823
