# turbine_x, turbine_y
559.8529042952149	-423.11253517120826
-335.1518180005283	1157.7516298824976
-20.792644142886154	666.4025596857789
-665.6860949256854	-804.1874677306284
210.0192132112952	468.2744725222915
21.96338792618797	1230.6947853510844
-1060.5152251427817	-537.3257576215228
-315.5637960452579	43.506817150159584
714.1556881293722	-826.267403598432
200.76748992449848	217.7367588021151
806.0019288310682	437.227289154266
1122.5072102239324	486.7389981777329
-0.8864272390999073	215.69222757981797
242.35582390631535	-114.35368872515505
167.5189183178185	-1083.1666298623675
506.922559049167	-171.85567760752966
