# turbine_x, turbine_y
-186.57508045749634	-599.378991318523
68.52786925860119	1214.6376694900991
-221.9069058228812	-1093.6251831849088
-774.41931684956	216.5082673479357
327.1625898387065	82.16959004108114
-551.7734095127697	-797.332253639537
-537.4143838878078	-220.3532627777567
1060.6619425818335	-398.188058399364
-1156.6299797723022	-662.352088880976
-88.69522543616326	-358.78831466370866
-239.79629068303265	414.46997847053126
1121.1073059735786	-19.14552483187868
1019.8358082843332	207.15245649227856
20.364198894902863	762.9313669583486
1327.7880871136338	222.67915688863846
356.12329050462563	-700.0605442572728
