# turbine_x, turbine_y
-1195.712452040716	-318.4157451470769
10.952044821903995	-1301.7252956872885
-787.6612504288379	-62.965908881063235
573.6714352832631	-282.3168217310026
8.930430228685227	-162.021611920931
95.32168236750947	-890.7049292557214
705.1968108224652	-682.681888535793
1121.3018725002994	-107.32386858542844
-251.57780802489606	1067.5277538403916
647.2652806131713	164.64566005499296
-323.36435875026564	-742.6355819183162
1234.4368114841625	515.4999136534324
368.94744998184876	-980.5081265819651
780.2107044870869	-370.0815084342663
-649.0541581082543	398.7307795232126
-410.2881350075312	-365.8514303258676
