# turbine_x, turbine_y
542.610727452784	308.50167490964884
-788.9677494587943	-660.5943613266957
269.91827530343016	-717.8955670910798
1195.6401472157684	-269.1729304398188
-693.7578472593428	673.078638798328
221.4800841526102	-966.7519051719767
-419.3631694674772	-1281.0711800908307
-52.6427882080144	-1107.323981633953
-1089.9819668306357	-706.5470540551596
-1136.7102935666342	254.05028605697336
776.9027879670577	-49.55772814205397
-126.59322101094115	169.02349309010015
-80.91282035956678	-169.43345359413195
190.91440536500846	1240.0978558067766
-624.3486015510093	-58.64801197671734
1114.3935024935317	497.4240328993981
