# turbine_x, turbine_y
-958.7170767401756	-476.0873539849204
888.0109303609605	-392.3281864481996
-405.373122741691	-771.6515439322034
195.63933390550474	-1232.4183683365384
484.7624871568252	642.1628561756398
73.46968408323696	584.0313292381614
-683.2706745536508	778.0399040254489
321.99399016345876	1073.4703319271475
375.77883092579555	869.9993837371294
12.364795172741516	1009.9667513637098
-1052.7950874945254	614.7277640075208
1224.8728196530622	431.43923996490867
-1068.2571234938491	407.8496989058017
898.026512791109	-858.1574989340661
-263.86393844405325	758.9698064589141
-832.4247600124168	149.81553461931708
