# turbine_x, turbine_y
-1102.4322354349947	308.981859704015
140.25021637993072	-466.1727354892983
639.2214597169548	622.5821754689122
-232.37731970382578	-29.652161432207613
-150.23596184222927	-397.322223577932
1001.3336493903391	827.055266569113
1127.004433157599	521.7768472759092
51.092855419660886	-1125.9754255972355
-875.4766148767827	472.3900339312402
-223.04350482728594	608.2309236670263
-588.0180327461055	-422.0537572018264
-1004.5030236287362	669.1204665342531
1113.4219797444737	-348.89821845409995
438.335307884758	-1165.7956548895681
249.98650111373433	-168.6710578571038
-231.67315132990436	-1203.91010549509
