# turbine_x, turbine_y
350.5532325183937	-1040.980948720783
135.2318061520917	-1306.8065336080908
-620.544520536413	555.6754469981653
-467.56032121773717	-1165.4941434018367
-1171.6172842989988	575.4510672797875
585.0932459167539	-590.6923755104356
1111.2405285154352	-631.2894282919266
988.9687222148085	-751.9001894521945
-74.07107342380068	-709.858454887808
-1067.3789592562687	154.5561926363798
-260.8368490163462	-813.5774939465458
-750.5414364432372	838.0909419381476
1000.4574374105653	210.31726326002672
-600.3659983369965	-277.9724014431564
1238.9417567324742	426.5311993154103
-648.228516206136	-22.798617842539805
