# turbine_x, turbine_y
-82.96995285707803	-91.75520602172247
-272.3953872486307	1189.0598914296968
732.037403124431	-112.42217715171878
625.8164113075608	-1138.47708793066
214.7789264627259	-616.4817363599126
-335.1434832188063	595.4536699807105
172.6241667722778	22.336523783389907
-310.60368713222476	-677.1021661616929
642.199369615119	-592.5339481920466
700.146626333671	513.864792026203
424.27284643377516	1054.0803650078458
-173.1202449256808	-1210.5582766352652
263.49251025209094	394.57605359648267
187.0424475986377	-802.484074337821
-509.85381842091624	-447.77692052208755
-946.987741475161	-147.1067936845126
