# turbine_x, turbine_y
-464.203466304943	-1199.1173648684205
1016.0299546411093	-17.260684191811173
-230.0069088963542	723.6262722802871
-981.7808168524251	290.34058148503294
-251.29621649831049	-183.32724187353278
-336.6727206265002	432.4817192340487
-822.3949678927843	1050.0786025357302
840.1688564862188	-894.6782457631585
765.4730106630888	483.2476021956857
539.8105898133873	-579.2322653983382
-372.4677198720572	1198.0150444293965
-85.67007729042496	-152.01496310932617
-958.2256182497507	-840.1638486619256
-3.3101598709006197	1103.739707276559
308.3823566191349	1079.4028571892813
-254.17271085646854	1074.334873237553
