# turbine_x, turbine_y
673.8599370613662	-541.8558847031159
450.8046697091682	-1100.773130660475
-624.1843195023997	-377.6667826865725
-1273.0493188221242	433.2745964019861
-1254.0479602330672	-430.28700921159185
-454.5109780753019	-1117.2992961360708
262.28346575358415	466.0131943056506
328.56522661679594	-1261.9418819035152
410.92443778139494	834.5450558888256
249.21913395269533	724.9961128958645
83.24522026073504	-1132.5612433668546
657.3605740531345	930.5486149715883
993.2022801003764	-251.81262225748412
75.44863091366278	1093.6341697147973
572.502035856949	-293.55662915029535
681.6397511744485	694.7549088676183
