# turbine_x, turbine_y
-971.6551521392079	559.107606354912
-651.6618010558846	1039.4861082233117
264.3390680276726	-1234.3726317964147
-1079.8032282501013	-607.9252465949023
1126.443322052712	-91.95631393044734
-546.5498101867303	266.5699957138119
-149.7476931516199	890.6765118338726
-554.8627879167421	802.1300627719099
-303.1823895771803	734.1308241585551
304.1800344006659	707.7424113860651
-16.601754642150812	1263.3754167389693
255.20993961297148	79.00987232442431
172.29751180600923	1130.9773030522833
37.093061961305686	167.27567943616765
-688.7391931321359	-129.6191533896724
360.5597302022906	202.09370806318708
