# turbine_x, turbine_y
842.325773495075	-45.950214548419495
626.8372621481606	-47.28636501103303
-313.28754142327944	-105.65368462551498
-1059.4014907972219	395.5316732299527
39.99373841675835	248.97301095130464
762.4023968545035	-756.7678701493115
-915.5820887466098	-907.6755450104927
-7.30104357089556	0.234727181613259
1018.7941331742333	-256.4908008488125
472.26241780552533	-330.0366590511819
-257.7479036378065	1253.0310850476428
-400.03660459991056	325.9822749078166
-614.0879845541236	-954.0461082505673
1249.1746420569418	227.0395932759873
-1163.599093231705	-84.2113434188187
-480.6691376302767	1162.7204259943587
