# turbine_x, turbine_y
1146.3003330564186	241.20244156343566
1060.6641598750589	529.4676993371752
60.618766005106785	698.5949677413918
-791.6446043132614	1007.0157944342204
-1095.6909185188297	51.02852170119161
-883.6350604092447	0.14397566124593197
1183.4080592895623	-175.18988692472828
-382.8955969054055	937.3703774147908
625.4304037746211	-338.46385554093683
398.7139134918675	-295.0184390276285
551.3872994308516	765.1278235568012
0.49913805025449953	961.5690156255945
419.77456135821257	-833.5484219912007
-258.5334305638732	-989.6854525155103
-558.5710241567824	-901.660416611734
76.98444523086252	1126.5430148183216
