# turbine_x, turbine_y
-318.6134290596204	-1059.0950314972672
-1225.8605934371376	437.6533724233332
-29.734389222748582	-1115.6515280188994
-1005.420278149714	556.9095824134353
-818.1841934746639	-916.744680704736
133.1075636112316	97.01907973330526
491.37067148385614	-780.9475195900344
-22.50041502753306	-197.45545016903225
-766.2149696872509	711.6037802647156
233.85284432227093	-1284.1704426979506
31.39866308211068	-1319.0257272512674
-654.992813782838	-58.77368494288775
1127.2949268129044	-361.5404580636342
158.41407212948263	-610.7189612600924
816.7683288492161	123.19579665152287
-1012.8249354303505	750.5377355829897
