# turbine_x, turbine_y
-1069.6952294940795	-339.88276208911464
422.2701930442356	-730.0022289900231
181.02611289141112	-337.6212544744619
-1198.8220216448076	320.6858395285576
295.1285879173478	-1226.7270567541839
-554.3159546601169	-516.0591966112172
25.46248554040602	-1107.7330442798398
-344.1108986267987	1159.8389059570607
-812.7332374494976	-879.0442881310823
101.73683904267357	-851.1262232726831
-853.9111147794094	-462.08242102132704
1063.5947871677536	-72.27708555639785
-338.8552318294885	-220.7514363144775
548.8680281998522	-158.3038453737725
-619.510427994853	-186.2856371626736
-145.61256973074327	-280.80700592527296
