# turbine_x, turbine_y
-665.315446221097	692.599635826337
245.61773029803882	-1076.39208499856
701.2086331674867	357.1792260869234
-599.1286118984277	267.1188637694749
943.4528187135759	-720.2982566217856
2.230441872120714	-1127.6219279050313
-96.27691507496543	207.0136781974123
1038.139236392672	-470.61329202950293
-150.17664700877958	-1278.9108753415371
-532.328820242566	-528.5228033897628
-595.8153135989664	-1005.8597870031691
363.4873025257708	-452.38950702115073
22.801239117185943	-146.49750754199692
221.57211925428396	-579.4731680628989
-362.66868473076113	1258.5553513366842
935.5764686833861	355.8574506902391
