# turbine_x, turbine_y
1034.449692213827	-547.4664639408252
-970.8539824686034	-655.2414779670048
-858.2116531589797	-150.50171218569957
-286.39147443075836	-993.4772527026565
499.9942996954766	101.11175347330747
620.968439571264	-915.4009562339861
-22.01877262226093	-8.161357686647808
269.1455656845966	441.39292530869125
920.6197011079669	920.930016476025
416.31176799579686	-48.27469966489812
111.37105973700314	697.9739968936454
-385.6472596058261	-342.1546332396045
483.1644576846588	1051.3250952517983
393.62210468898303	-447.56627232360813
526.0398385968897	-600.6279731872396
-320.33978020711163	951.7360451994174
