# turbine_x, turbine_y
1024.708728286856	590.4674614888297
-516.6529957658328	-414.632708803498
-381.32160308888854	1182.5679876020483
995.6667382655191	302.63532859221846
472.9917052350155	6.966182536401266
-532.4639878413842	-14.814790111998155
-694.141971323394	580.6839513216419
551.0663096205554	526.6302700771558
655.439599065612	304.63926302837126
72.53219805739323	287.3194652097385
-181.28079460713704	-167.80190399592828
-353.1961176189387	-221.29824946744762
-210.3638176933079	253.59129887078558
393.8732563061663	-1055.1477862515424
1141.1175874886753	-452.3150010128961
554.4880427209634	892.8297648674759
