# turbine_x, turbine_y
847.6656202526417	816.1494050198743
-1164.2234308892741	539.9063762746114
534.614916283071	-83.0677933110259
-465.97962368473145	-65.64678242518065
-282.4383647238397	261.34480705834966
660.7847598565021	1003.2016951372676
-1144.466557758262	-535.4043661337645
1086.2448859854185	-666.6809918543885
439.4748488782491	508.1474431393908
164.07903636639327	292.80140918617985
982.882730253786	228.0383560487464
-515.4381987637073	1012.0666201776636
712.5897808489811	-803.8394365897615
897.5281256434754	-136.3693732327408
-440.317008716287	-371.94085900085787
-839.2610927459135	872.1527517975061
