# turbine_x, turbine_y
-359.37601668667946	721.9370726981157
-421.94989017435114	490.94428291393154
925.5499060174945	273.8357546729547
-706.2033185730078	1060.153924951656
1079.5766420073894	-602.3495253137066
386.66995174902917	564.4759051988376
583.1689583199596	134.11137073954114
-44.3369169140222	849.6916234199202
123.64731700327751	252.35485110766967
700.5766007233192	-1075.0981237488556
1084.6057853078119	-153.63471716426966
-636.1967365742336	165.16992933279565
509.9663067052116	-144.10239115827977
117.90444350620959	-909.6030931772196
851.6120048771527	120.9769857650084
798.952939189397	-277.3790440030786
