# turbine_x, turbine_y
-401.1982832843496	467.5195565798547
-311.3133065410552	-606.5473235226731
846.9539930922231	918.7310122645797
41.38614036788945	1270.6647771303672
167.9081980802207	-211.3765109358767
1216.6014309070838	49.69287025818772
374.0314416166775	-92.46963092547932
-61.9820568116134	-1286.918881594264
-625.0129036534967	-142.7914539324982
1059.6305595697722	730.0750661021792
1131.281261636289	-545.8562530228379
-781.729481597088	-710.0052620317198
685.9530097559707	-92.83774429160263
-1266.7975488086959	-333.0966108054773
-165.29592004996238	-489.09664598820365
-995.6199447133368	300.3271724205765
