# turbine_x, turbine_y
-993.4370157384316	80.34786759433436
60.290808793160934	96.26481280457439
-989.6212548735367	-521.1107856266635
45.08736848120716	-1347.5079005752775
-614.9180598747108	-734.2594967739005
-183.96893844205744	-665.8315411964655
-589.2265619526668	165.57885943161148
469.0717819785502	-1020.6703797252636
220.1787203780572	-822.6365654505499
-161.33621444802193	-1155.9478925048445
299.8793536275034	-112.11290893138761
933.9924876952083	-631.26743389747
649.8349670691825	953.6974516648979
1120.6153340975286	-534.6498311704994
-377.607035303123	-80.15714704955647
1083.821731331776	-309.69373847361277
