# turbine_x, turbine_y
-946.9101456626411	-470.1661733271413
-327.9800638224525	84.69496022582734
-602.2354467924164	1001.4330343315131
768.7114794763406	-1085.3747500893344
799.8742225451902	-177.46211849281988
675.7718335901556	295.40755708736026
1155.0979176817295	65.35785270259464
-610.6161329258002	1196.1911434108868
-232.19256717269636	1048.9996670319154
-1073.6269799090114	465.64173276083534
-446.50699485036716	-1082.6140613751897
-344.8795526337883	-612.6725094357322
-593.7733898596548	-465.5147435273762
673.0878553209131	713.8209030906731
-784.0801958268819	-667.2072838800252
695.6890394736544	493.34644220230217
