# turbine_x, turbine_y
-193.67000784425144	1309.3746786264471
-823.6442869969592	540.6830141851249
-365.6257102131315	-989.6621729799858
-1004.521088372196	268.9879125929168
217.2392886541509	157.66761793184182
39.65544670904255	-584.3714903986315
188.8290208342004	1085.12041884961
722.127874802844	893.0744283352494
21.26657462115449	-297.00685055761323
-128.48727099725625	-613.1698550824822
-137.0710376304934	-253.36685639903885
476.2322322741055	-1106.9980596057019
1060.8022811425567	-442.53515637368423
-79.20443797222659	1167.5857606681905
-356.69500205581414	-747.4406490500991
-1279.8010034918498	-408.94410030211185
