# turbine_x, turbine_y
-585.4339350217832	34.17399235319447
-1283.3302206075527	-385.32946811802356
308.54012840575496	1159.4659477547486
-121.5217616906505	-825.5649829641145
-937.9828944202058	-648.6678327196722
1243.7194588034304	-506.8394035898898
396.59974159774947	570.5865984026508
-187.73671142681874	462.0535481155915
-605.1556379777619	399.27734100426505
-27.98958617717311	-286.5793014614923
835.0950838145186	-82.70789425066138
523.9621211749318	1211.8489688723046
440.6773719454681	380.13053859566554
-362.3726170342596	-224.77990358064926
-484.3886702216329	-379.5936263468
1253.642436293684	38.760305175369105
