# turbine_x, turbine_y
-201.98927172103998	553.6036603907869
963.5243061565642	590.3841665650601
-34.005100495476896	892.2240001267947
-435.4659277650255	817.4079052464239
-769.4046218542802	-576.7964568467686
-659.650978389418	768.3120844874649
414.1306305498839	-1230.8341095276528
869.4736772783265	-231.7397197110921
-506.7993464309663	70.4826859785137
-18.593529977153665	1327.3739104458275
375.6760161809097	1103.7566166953095
-78.26260348991636	-72.38850115183224
-1209.855121890948	-575.6513144295286
1089.71852045629	-788.4128721932624
925.5441620688694	-573.7368036980374
-1249.209618920457	-420.42317785183496
