# turbine_x, turbine_y
617.9741376533968	-499.05012295191864
-622.7451764641638	970.8940313373787
570.9413886822654	356.45770615246437
-813.873002317675	-139.14016814071442
451.99121087120636	-943.6347168238132
469.8654766952735	-680.2805108133299
375.38046409181055	-1210.1884366455386
-840.7385927257571	-436.21330113787786
-90.5261086076596	-1324.0345776063896
242.61444643277383	1002.2205632651088
985.3995024550223	-597.8400703935231
-660.3750579682603	471.839967738869
-538.7365383975367	26.442688799205037
1073.81964455263	39.62305449528208
360.7599779285678	-372.6407096440899
756.8463995998738	814.4894579450944
