# turbine_x, turbine_y
11.137073360027472	89.26607901899301
-279.3829011701255	-845.1088721033736
-222.30083069176848	-1240.2405156081018
170.71940912757432	-845.1067223788984
-872.7410706083888	559.7681935755537
-630.5286533894797	-1152.9154535482655
-1333.5614576631267	-99.41652266776887
982.629182351739	652.0460847732368
149.17766635216313	-519.5979577941367
-1063.4789331658633	-796.2000791998365
-274.2045003347994	-243.46625929935746
-152.68173856345223	-124.47847275127066
189.05542860499344	-1028.0491386819156
-143.76885694150317	-1086.9757492948281
1240.0983450698373	-407.7069102046887
-206.820027057525	854.862625544025
