# turbine_x, turbine_y
-656.3617291027248	535.1641956966481
-521.0142022274467	245.24593902214718
-922.4216678328823	141.35192442206247
1224.4708423743577	-477.4500987260161
100.23613303729837	779.6017031323969
-296.3850276311034	274.5421884189293
-1139.3415433555497	-203.8080250637893
-946.0301966813003	-933.1990383783854
1051.7554788808125	483.24367155350797
1258.4137147008175	167.7650479056378
1048.724133964535	788.2220258608482
101.2644652751899	-1145.3351977310006
336.7418423728837	262.340685672267
-56.9153323119723	-1175.979720729447
-57.0533932967852	-31.760937981997905
555.7102345381192	-6.5658591695205715
