# turbine_x, turbine_y
650.1567056142925	-1104.185668752384
672.3418551431793	-241.79659249667625
731.5425472681543	-626.2318860799109
1001.5141210492582	98.93434768323566
901.4051305453502	659.168189402448
-1219.9278628622756	-259.7244231411406
291.768843952775	-936.7873983079351
-882.8635573803288	-175.18608373338242
-238.19158458157403	-496.4476434279794
640.7031612527155	102.42256958611739
-1062.0983074749643	603.6662764210412
-156.92462319051486	-345.69526710879643
-184.96568850745336	-1182.7173822058421
-530.6960004760763	-947.982644667518
105.20943673274216	-1271.9944589031948
-51.415132787408965	581.7682834565254
