# turbine_x, turbine_y
-78.19753149171453	-183.06103504213021
-958.4515385250214	781.2805208356123
-1195.0993369028777	-53.09753438988247
-1000.175968276491	342.3100116506284
-518.4404228158918	83.42236984515866
62.361807761249956	705.6366808544369
-1023.7969218293529	59.19862443548385
-378.58431951332676	-430.0210533025254
-722.9831437584869	876.511006971901
-121.14200314753009	-1279.8934545306897
1100.5274634508392	-82.72980127815863
1270.8767216122728	120.78546294996629
497.2409920997593	-818.6591846420164
268.3905689273617	1134.4020174402988
-634.4507609111859	-266.9379906843703
-813.8304967775106	692.839491151564
