# turbine_x, turbine_y
-1037.5521834176361	-79.38920848281552
-382.08855248388215	-1233.7160953149667
1286.7077374308478	328.8476934060127
94.79761908218545	-336.72091944331794
592.2987779407276	1036.9067378126897
-77.35054224287055	-668.1821847123375
-653.0457041078245	-734.2264812192695
641.2955339898306	-928.0482676352866
-501.9632091396055	-681.2620464019957
-749.7906380212789	951.0920509164484
-437.6261790562967	-864.2241439669482
846.3452449649989	-469.10510674846694
-164.26554066351895	-1063.6444062398614
-229.13950920846412	1231.0665396613638
522.1434421154165	-3.259253331075884
-493.77608882498436	346.06218218098485
