# turbine_x, turbine_y
226.93542990627168	744.713232981518
-117.2840044994246	939.45118429437
176.56035238282374	-1041.7992739892554
406.90307377548237	738.9258139353062
143.88093751505133	987.3011582464476
-1311.8756723266715	95.60287228803661
758.0880168182736	-216.82567389489108
-776.0002925313837	-917.5919595597874
406.5513602940937	961.7526366608162
1175.221134425955	-601.7152015399083
-210.8011015375177	-1180.5033803920758
354.6067160686006	-426.77670783872736
492.5173360897904	179.1707038982788
915.2303971922518	429.31077402990053
-478.50895778814333	-350.22177703446056
214.95645446258732	505.96610134959286
