# turbine_x, turbine_y
-1047.0941065150448	-230.87853403047518
-139.5317559639011	151.85444288182285
-774.5205208757886	-82.88925621301266
118.10220730847192	1145.1534195812635
410.10646772754313	-729.2414790526527
-786.1942778315931	934.8038293851615
534.2307408332387	786.9085107838965
-1271.7548882974218	-393.76700582533914
-1183.6276846244007	-571.2378370097516
773.3551311532211	258.0286315298026
415.25528901781627	-16.181504550447514
585.4590944084056	-1202.1921848837867
1150.8536170685688	-575.3525901711741
-307.2860590872398	830.7061080000793
334.479609830141	-927.7035589191862
-6.014321502267439	-1204.9361585527881
