# turbine_x, turbine_y
-924.7848222948722	-193.37533447973695
780.3536555572684	427.7123570090786
-485.2606476812134	175.6560590045681
1092.141633274236	612.7664272430533
-744.3337039528518	-1032.069584979222
1123.413536957198	144.74248653350767
804.6909357219474	875.3519767234905
252.90615047531676	-1159.6356266643527
-718.0543754498119	1072.5756876008809
-432.7434986843523	1071.0958157554082
680.3998123021973	698.0862303946211
-325.3059903746615	315.52533037451644
10.998134802559223	144.326591204016
-1107.1548861813612	459.1145569047984
1055.1604830000508	836.5206835506063
-22.290366753572055	387.8520997968381
