# turbine_x, turbine_y
-248.5036512061483	574.5855778293228
298.65503003482957	1223.8486277508705
-216.49838957693976	399.7736867450739
1196.8230563148682	411.0555996322665
467.43250138295144	-300.3843558645669
306.2526912605791	-481.5724814690592
-543.4525322234772	1036.9119256408912
-1094.2128223589966	508.2552272774432
659.2833346700098	146.72408600693717
-917.9715447269773	85.81475969320778
-479.86622148752053	573.5556982287529
716.5029976128352	-815.490708352756
674.1055877559612	1107.9569886360393
-1016.7647871363484	-830.0348189989419
-544.8022757700619	-302.4752007423483
152.13042126111063	103.10980953998587
