# turbine_x, turbine_y
546.655861484101	-560.7009232452305
372.86784935237273	-375.3549583279004
774.008011190598	1026.9211161088247
-316.85284936849735	196.0676196012746
762.5801245267795	-806.4997023041917
1100.964323540388	632.7866674732247
-1056.3695816007205	-547.3387524745689
258.5769120698462	1216.566560945683
69.70775416750227	324.38652397795505
-902.1999964264858	-956.0685250839987
1068.2334962218317	460.2793094673755
-50.864101818381215	1121.9939502927612
-360.30590269241594	817.589024535429
-1198.0137347155148	-384.02388926500066
726.7248766754774	437.0852262158846
431.5922040049558	-1130.5481049335483
