# turbine_x, turbine_y
70.43515826874192	-613.7530030253412
442.3980445742976	194.5806871444119
567.8129866157032	632.0049018824596
-320.7704551440911	-823.0125428887771
679.8608626983358	165.6021567664264
649.0668952464989	-536.9590585391293
360.40667847852154	-555.3880412955424
-10.87624634430746	398.2046024772149
-626.1164810809425	981.9274690150759
-98.73733217729904	-327.6077045091206
-812.855140586097	954.1077821174232
-537.0534984518594	501.199507927871
-1205.8768521599202	9.57355470986041
-457.0550338788232	961.3346364638134
351.0794180591619	-740.6158531670304
619.208001994456	-146.7760625254116
