# turbine_x, turbine_y
0.9617524431908553	-991.0457266572541
-1190.1920258721111	13.171244668734827
-498.3671775068563	263.21571926222515
-1275.2842371198371	-170.98333540234933
-81.6619491261147	-616.8370176230569
167.58719222839198	403.7429822688989
-138.30312782415285	-858.9246525024159
401.5377565636056	-366.3451777891389
755.4348945560122	-110.44358182755106
-412.23451566765334	-198.99164953658038
958.4612187050717	667.3290454390183
-836.2582116394996	-277.0643101345674
287.0324328403071	1192.6849952948144
1274.9343335513943	-39.215770983982566
97.46102998176926	-499.0342403747412
683.4671290439103	-414.1695207190837
