# turbine_x, turbine_y
-623.2822707353838	-428.73999314200245
-1163.2864648023344	143.75471633888233
-475.39514014240535	-972.3222828629629
-362.04145164218255	1225.3555800097517
662.3564318899492	970.8325485310805
-982.2141055950873	168.74339460262374
-937.8679232349364	-365.52365058648803
-903.2667593572561	319.6047239419199
-28.53891620118123	-4.307105977148495
-39.245184606700434	917.7617390479753
419.9300606952453	950.1249448911012
327.1982418600832	306.53875786493063
165.47651840812696	1120.3481987078753
-437.0877561015663	-643.1017550375321
-222.67635480975196	-3.4585324869647938
856.1161044862479	-700.7987246531642
