# turbine_x, turbine_y
-172.21276120758566	1289.1916430706333
-517.002578202568	949.3038155632614
532.5295052207343	-834.6524564045417
172.5302777468247	-765.81600808214
-90.19861352743544	-33.00561097172361
337.2634827951619	-165.34612586518236
-1186.2367458418798	-621.3633989671289
649.8157611405659	982.8548378620058
-286.49907157910104	-1050.0847209393778
-201.2006145989517	475.77369904940133
-946.4633338437809	-81.19070311906489
-1062.8037348376697	499.5045228318144
66.9340355057376	872.0084789840665
-1111.787009577084	-453.1098918079223
231.18556902263836	-496.4446689641266
-964.0437508739113	158.18666572892474
