# turbine_x, turbine_y
-61.09544134628209	421.36388203864635
-809.2222967153451	824.246359788378
-1163.16688383268	465.92529158814244
561.4184927074705	1227.038404622276
-596.2352434378279	-1139.7230108121928
388.6362591439116	279.79181155737615
-870.6978259716358	212.4050596565463
216.713749984471	-1082.4366639974087
853.0016878182458	-23.682332801980046
-325.5561868229492	817.048297680725
-670.2125901857489	-3.239277247256389
1108.3611879044518	-727.5546181857144
139.46054806597456	-696.1946437431501
515.7842052497293	451.05276991761934
1183.8366914357264	145.25538646173538
164.6771479049532	430.4368570940323
