# turbine_x, turbine_y
891.0439891167274	-761.1815424345087
1204.3943418680851	95.25301881965076
593.7348596913097	-1196.415366976137
285.4152032164981	815.716500785624
-1213.6351273879914	-242.62849517552257
501.591765978136	719.7178868620438
-232.48924416828788	1091.4268895822825
-222.78973439803468	-903.7837904364683
260.8327680113035	1186.6982214126704
739.9446439709656	614.9337922877032
773.8910020789178	302.022563185777
-227.84424984934066	744.0626242537343
195.29134513791945	-1291.0163147837043
-1271.1094604783066	144.63565687002827
-420.9444041523211	909.5887840841629
-633.3011664744661	-92.298151690628
