# turbine_x, turbine_y
-350.68684885042643	-1132.7267455483156
-358.6038036748151	-450.17520244367216
324.58459781359556	1201.0432306907146
1342.1405675488277	-91.63787736984918
1254.091988155896	47.2215378405517
572.3710546258957	907.609791866376
-770.4088074062063	-340.1182278163933
901.1333210781627	-381.69795516148247
-910.7297345866434	-840.4461438688331
123.37913323012506	1249.4529729197347
-144.97774078903385	-28.528858278133207
935.4194117106526	204.89340161869208
466.03288739717567	161.1601461854192
798.121066286667	-1013.1884356914422
-892.1878066988062	603.0566728147774
538.8651036931179	-1014.1724692656026
