# turbine_x, turbine_y
1252.1110494752645	299.0523147049948
980.9627822884205	-913.4917470666326
-72.81928938873001	238.75048085113986
623.4673597665195	950.9967768967081
-140.65901907727678	659.0139743855191
1288.6986226734377	109.0353620197119
-1103.1986202845771	177.79487577784275
-610.1415547907325	-770.2598082983828
-876.3140542549024	-56.44110770573838
-158.96911659917578	-468.41417671811445
415.7133779231096	267.86342088369014
-554.4939265973015	584.5276420729125
97.81354364741719	-218.77205768871016
-472.8661357502841	1063.552262400567
-274.50813246653115	-688.1565860994093
-927.1716376842107	677.9341036273228
