# turbine_x, turbine_y
702.3043500314177	160.91005598284175
212.02172081781555	-218.21489033047925
-877.63309918597	890.4313011840346
1006.0970415001893	-889.052218959713
-675.3279589122553	-778.5618418059975
575.7411755689637	468.2337706695677
460.6481858823857	150.9556511518174
269.4222404740931	802.3907011902835
305.6257330325665	-1030.5495078882645
-448.9307872789642	-660.6056157522863
651.3689500438351	981.6024331513646
-256.87872696104995	-458.2637022214847
1071.3521109170279	118.08086603898431
796.5518141410951	-116.35272053128709
-178.3465763346693	616.313977569965
1016.3920167358782	795.7005041237413
