# turbine_x, turbine_y
580.2772556665277	-613.2079837459931
449.40897842493996	-1205.033023774116
951.2595560710178	-430.62511998509603
-123.12449813612601	-606.7521176248888
35.38031057133062	-1104.0555960542847
306.7969302460233	-367.2975812588056
703.7354077457017	819.1626054732559
-884.8299760662468	394.5851470430516
-315.18444426729945	-367.11679241741905
-879.7210723523076	764.0361809408632
97.28994697244953	708.267797874441
958.4557569050647	817.1236409973702
-1023.4390194009966	-397.8569409070716
-569.7309259407947	-968.9678540033167
-149.07160470041632	1316.8903306505815
-528.2958956882893	-1130.0222980807455
