# turbine_x, turbine_y
-768.9799980816898	496.9603494404081
-1128.525423078048	-376.7533132165457
979.6196644562784	21.408123890903497
533.6672299733353	-405.03565982712894
971.7359647358631	422.82375229215836
-843.2439751328592	-112.0673366896697
-710.4242292044693	-884.2626844138352
1225.3195679742469	450.4768779412948
-589.5397890316589	-216.10110971161666
-905.87307419684	286.69777886774483
-410.3906045735671	-559.6671856582777
-68.6751085754445	1244.6975311440735
649.9632113552492	341.03972078916314
1146.0093825012289	-413.02890419215595
-336.53370383907827	748.1889103601052
328.7548077383057	-1137.087876347878
