# turbine_x, turbine_y
1121.793953846313	-423.02220725120213
1069.5891671762415	479.25103982266336
1310.1370740087125	246.19026504444653
-566.364019620176	-1099.244993135485
194.8122542565131	331.8927895221257
-857.3644867637602	213.01206532467666
218.68315485997664	-868.0925056015755
-684.9542799505165	-935.5269929993729
-2.9301496215003997	672.2960284804882
-376.3905384848557	-1179.243635981362
465.6232312952158	-976.7883613116388
603.2304033216016	-103.7253478308474
748.2382355365556	261.2670587006062
-360.82520282481585	980.0929994815011
-118.42512883085004	453.9317921780849
-775.5530285547954	44.752518470653825
