# turbine_x, turbine_y
-217.45811175284632	-1022.5825587645188
-55.428808488781335	-976.4698246525576
930.8016064682776	-129.5225993471775
898.6544431542261	-793.7891412630405
465.4923382688425	-1226.7513350974266
-658.0651082938273	-494.2129671998285
470.0274251027223	1127.5896399837243
1020.6787586268897	727.823050111457
1267.425650958483	39.55818107890483
792.8446917954732	569.2420637789515
-366.45586671644963	483.50487994746095
-550.7263995659251	581.9809366685736
1237.9050343581534	262.33830372124135
-80.53148022811047	-100.02741417844976
-687.0663462090309	1088.4421422924686
176.74209859037467	-301.84902259673953
