# turbine_x, turbine_y
-378.1194694470663	801.1545466822398
-726.5109225765433	-503.64717941807095
-186.0555096943222	293.157217424297
241.32925225045318	-1237.001009513872
183.82331432965472	49.25103933038346
-414.2288725813051	-818.1684033689809
-652.7553444332389	46.60607575215212
-1060.8446951645697	472.41303785059443
1146.5127294598963	-91.12301504720612
-944.8244383396217	-361.96853618805716
145.0047077282783	-258.21572336253803
898.5184000542888	-1003.0020150227591
-571.2356000542331	867.9704217817942
431.6150071423006	-183.86602198583705
714.7274597091904	-33.46468843509393
-917.9659522585818	54.845084872728435
