# turbine_x, turbine_y
-790.0682778247433	266.98410099130297
-95.87336454626016	83.99004865940678
1279.1789585624415	-48.077207776676275
-386.3841069360581	743.7999364934934
-831.0265280935803	-388.4674688402336
-170.8995224431784	-66.3974949721498
677.3895323646952	431.35588973374723
959.6078192447441	-368.41858877580285
69.43621915565888	-161.78641644506797
-924.5008092967638	798.9399351187969
689.1282062928998	-486.88902501773373
-146.46692699110218	-1127.1408897805632
400.3821928900011	-187.05432891869148
717.4400651891456	1124.504458217292
9.84044880657402	1039.442691787753
637.3185700186312	904.4339000594348
