# turbine_x, turbine_y
613.93393872715	-863.9052525207992
-959.0277478722284	417.9151415527472
1242.0089089331207	-213.03320712089598
9.774258415342008	-135.26686847198798
875.1810716300776	393.67931558003323
1023.1623737290229	866.8591741358421
93.3626910896916	615.2090993222124
26.136114614117155	-1305.7920884437322
275.20489414249323	445.65142094574696
-104.95779438002191	43.42661171954614
-923.73343994554	-858.2678613981304
895.3603463900107	-757.2821224536607
-344.5373225236759	227.70911712427605
962.1075349484167	542.1975060957653
582.2189281174426	-386.11510157627293
696.1363911602728	744.7362304354627
