# turbine_x, turbine_y
-151.00637878386115	-898.8083546297534
-21.075243805701405	-270.2169640927529
22.055488420718472	735.9852510489503
-703.8505029256875	282.9707500771473
1126.863314340207	-716.3628621659802
-13.343851032662624	-1030.6456635574268
-347.29596355545686	734.5030696639915
-605.748594171556	-1112.8822213548162
-361.49121082903554	1029.562081565958
-1226.74302096844	-417.5228962997879
260.69201780040834	-576.3294979673433
417.5539560931935	-650.105916472065
513.5365765346565	-474.07183627652864
46.26478092354516	1205.4621798507346
997.2142331460451	686.9766615954006
-636.2235557797188	-915.0377336162088
