# turbine_x, turbine_y
-373.26324465571855	315.28430993709236
882.3352818389139	31.59740089159029
0.46396675868853876	-604.2649627646355
-114.013875062474	126.67246822809281
-453.2251488469515	-1032.1372042302366
1070.7574698140693	614.6411053037356
835.0438861717046	-520.0476935261333
-1003.961078581188	-419.70328548443507
-332.50325726060123	-759.2359143050184
1185.3707563001951	158.76582619391303
-569.9573062944163	964.885462779724
686.2061973639182	457.53100673110583
467.63847237276457	165.54717728000088
-262.68969181971585	-219.66882760568382
477.3464778964953	1199.1762990914335
-502.75234445667706	705.3058985555067
