# turbine_x, turbine_y
-453.05912399785007	-708.5938468172614
1179.6279620639707	550.2689098804273
-1204.4169478304616	11.843653909936247
1006.3978584593859	85.53174376556672
1024.0607003824982	-755.8043647264816
881.1813862342508	645.2281696010648
-125.43033744725372	-1325.4896352387013
1310.5098792992912	55.62910260079019
-884.1212636114806	-316.10554958448444
250.80509347269998	-1192.4469418181093
-87.36040118403356	-943.2256204128805
-1131.538193833875	-473.39472786564716
106.08768110015544	149.1660386153749
1026.723988995338	-515.437743946509
-720.1945469616951	10.619888796507615
611.7838297672229	222.18105420154518
