# turbine_x, turbine_y
398.54255733516305	-476.1224114332959
-798.0643053566313	122.83587551280162
103.44613098883002	1103.7605300169894
-290.90603625382846	1310.6140292306352
-346.188983012197	-1180.3405419868363
-289.93307190479146	712.6470673160292
-1010.3082464127015	-554.2445895918692
-148.3658569846484	1079.8030597429806
743.2249277312959	696.304993747488
-464.491310351878	435.0226846648754
-354.1423396384405	-144.67548457840874
-145.81776840473947	-376.65289272520806
-16.649208851897335	300.9743098415034
133.12464707178776	-313.2463167862546
818.5166545833421	-960.7366098642198
910.9803671436842	-154.87815794791499
