# turbine_x, turbine_y
216.15442956780413	-1253.0460451723734
-195.92774517800828	519.7996500607744
466.3991939001195	-252.31948084030068
942.5625892869156	373.1881253658677
-831.6003687628681	770.3629871661633
-1054.7727805538523	499.47639388980235
-521.7836319218351	-343.4949528105797
-1068.4155797196493	-329.77291237589054
-377.8363108736089	1030.3441227712926
-759.1573376512855	-1105.505356326098
1000.0852627141443	-341.22636766626584
85.6919345616327	987.6697091405806
-92.88233690401167	-1275.1455644542445
1307.5736770324543	-25.078789917098952
899.5239434043332	-832.7554536069404
395.3011656674667	103.57265576162847
