# turbine_x, turbine_y
-676.2762641255986	260.5701424648411
1014.6691125729924	586.2142018574639
240.10335443613107	177.4533825362829
483.84693270358986	-491.9420070014992
690.8120413176466	404.86205024306537
1.7318262276444507	209.24236151699182
-1062.8709001334248	-139.84364643792287
1124.6881076946013	58.63487753335721
1226.1299601883495	244.25132650277823
-1296.0243408589336	-341.39014067638243
800.6405036078384	-1074.29396285447
673.0739472934171	-586.3031427550254
915.7360489551339	-922.5691019627682
124.15954953659387	-1207.545389184775
393.9394967468233	-1251.6763809114161
-522.3796524633623	139.8944470486561
