# turbine_x, turbine_y
-721.0250862603974	-240.53607458241052
-988.8911932772138	-35.56052108884082
656.069681360093	701.9612083471003
-1240.9990145803567	-92.81864673367477
-788.4691673663867	-537.2816454159017
71.26848902864404	-388.531640124006
-622.047650230605	-824.8235511650679
220.48963205189605	-146.81992598903128
371.63653186803504	-289.4311249962374
193.74649067156287	-713.7753618934279
-188.82410736198213	-43.59281164012012
-827.2940368065032	637.3886567667984
-18.78946519618796	1237.3007836206011
561.8724750101915	-1184.7234237192006
-598.8796147175522	832.2209512837405
-1101.7979128716881	-451.1246753563194
