# turbine_x, turbine_y
-1216.8164402944506	395.6867296258205
3.381089293270545	185.73016613346192
880.872038651467	55.92657275919435
-245.25426651500285	1065.83987800529
-402.98715470889266	-376.837004657571
884.3880261152241	-114.31219593829627
-78.38356147773982	1035.3433074029113
931.140265993296	-760.9892569401421
-239.03901826355312	-0.7230515831456952
1238.1735668698168	-23.050605110190283
345.6962973554464	-549.2846813305829
-923.7765402858352	73.88194355544337
587.9190395868345	280.46001138238864
-339.6537130121139	-960.4687922062199
-1276.8727428894686	69.6332212794589
582.9995279369577	513.1456033074884
