# turbine_x, turbine_y
-776.100083869824	463.2223775416091
-925.0728107319991	359.9870533997297
-789.2204222307184	1056.7839663708642
249.88920565204737	661.9513069817409
-464.5749946719136	-105.95642638418985
-485.0338266433491	394.0685822218912
1158.0108364991736	-375.4191879695098
-736.8214737861229	-802.2718797803323
229.68248797660743	316.89291012659976
-346.68631267721554	895.6661205086655
-220.13565396649025	-105.84787439654635
-308.0408877550999	-704.4895314950909
-644.3471324183749	-986.7393791369753
-566.041619197112	70.05616124037637
413.1827066378588	-280.1673549001753
-348.2143441879524	-435.270556738418
