# turbine_x, turbine_y
-1222.1459601056652	-11.505610685362111
-174.69148428813776	-879.5989783432138
-225.40548099780065	890.4996009261018
862.531137345265	927.9900445436671
-264.03512658711793	333.03758407529006
916.5117849440045	-349.10002235883087
1109.2683303569538	281.05749947869316
496.2923486087694	-1012.2917684199555
420.206299113328	771.4500954983963
947.8308531719131	-562.2067292474234
-377.82274323872736	835.73938758306
633.9752689248146	548.8984265451409
556.3670876354759	63.664672211344396
74.50185007249365	-63.63394018989395
547.6612632935556	-1172.1281775024897
-798.8130770881556	-198.53812418554836
