# turbine_x, turbine_y
-542.3437131298962	325.60728182814563
-395.6472516376895	469.40554509689724
138.43031282670015	-42.77404264848998
318.1133446056221	-814.1440847511632
112.8027665754439	430.9532067925238
1044.7737638266055	-404.7650798065336
-74.99119501033356	-757.4850032777805
-44.81425041653373	-574.2612701537113
448.47278471574634	581.816382665263
747.0748288196295	126.95435545132034
-554.2073509609476	915.9009938642084
827.3845702802494	-305.2625682958646
56.567287009159315	905.274017239733
-778.6852283084307	-704.8473435315237
-422.09526726289283	-926.1228074555333
-917.1904899205864	872.1646311434074
