# turbine_x, turbine_y
-225.08470739137962	25.553463960487566
-1079.6123355384232	-638.8105329969917
-310.58357868046386	1217.9795279657988
-1108.907163127705	294.2431193709459
-984.5757322923105	-104.35465060705641
-555.8481585998021	804.0636044713511
-1206.434995083818	-54.968397864261135
597.2306520960444	-463.00549976207697
851.1743020618098	962.8445359562742
685.2686698223373	-197.67634517897346
1025.154605741296	311.49229989119135
-160.97868518836069	-979.1011596408364
-285.6233208171507	367.3582770329919
705.4309119951249	688.973704938862
-956.1976832978663	525.6338186114597
314.1821592517573	-1070.157172957813
