# turbine_x, turbine_y
661.332215795607	-362.05367367500196
756.0588763966455	-150.0408244174852
66.34239376101037	894.0944372326286
32.301968155997955	-704.9069270118074
495.75715171598335	-748.9133845751671
263.9707541825531	280.1385019580842
-455.6491811397039	-826.4665202437632
-6.818828696748724	-4.11159431400776
1051.790519700034	698.1565633553195
252.629608484938	1319.3055502354332
69.66817064737221	-1035.4790620724339
-140.72759091616746	601.9747959500994
-1219.668725662277	1.7505601900710044
-451.3036064082166	1130.682347367611
-245.68449901438942	-908.7632293537795
-1198.9900935419957	-360.6657079426588
