# turbine_x, turbine_y
-252.2241567576953	-27.880722279170467
-562.0656207808355	960.6544852656069
615.210541569851	-920.8196526645361
-751.1857799213885	955.9388581015697
-955.9563337600948	-25.902408695781443
-825.9390654765901	-904.1920563857316
7.154654522136994	1147.8731005100306
-561.4874284032019	675.8728221820618
464.65963322623554	-167.12907616281822
-1057.9854466010436	112.78776959211552
761.0666649490709	729.3935683300053
968.6741677983383	122.60482710296876
-668.1167421648701	-12.058737182596824
1298.5002539219342	-268.2191583107403
-147.42371864876267	-881.5170209948535
568.915682644738	-494.2345326532519
