# turbine_x, turbine_y
119.62876361799557	898.835056728537
170.4788217252088	-373.6616473551034
-1168.3655105686137	84.6152584414618
-740.4163675685656	835.8608128516139
-49.5045211796588	526.0162079586911
-26.887340140787018	-358.03724165559936
-629.6779953916775	-1041.7692928771164
427.83626625173736	-989.0641607663298
529.7326246672451	209.7484284150978
-383.9246501836373	-516.7452566996895
-957.8083374542356	394.2826421110067
-559.0148716131648	-580.0076911936351
1230.1973677672504	-5.016712369202114
-128.6621880577913	-519.5503596295198
469.0871333196057	-604.1922768904656
259.110288788466	-1229.4426159457037
