# turbine_x, turbine_y
757.6137560812584	-740.6304243594267
34.02812934641468	-331.65480676377547
-1016.166771504673	-369.41820168973896
845.4039217662573	761.325670465814
947.3679074677815	52.06044088723005
-846.3026889357619	347.30443131820545
-112.86395338382786	766.2844848556106
169.11595899193907	-925.9526477538092
62.79281401659023	-41.61368372849705
1232.391935877109	133.77789463178496
-192.55538564272743	52.22944260738718
1004.6809330961207	-541.7592233260976
326.584432030511	417.6941938269515
223.62355434426985	-340.5982875477551
-517.4536993783028	631.7220950119246
765.9231403478747	960.525322735685
