# turbine_x, turbine_y
-505.7024158044469	247.7645656495057
-294.4778131911236	-1091.9682209600016
382.7660658613044	-1272.3731600250192
-616.5405965851268	40.45371653740823
-80.12734707487499	-168.142068694871
368.8979140122921	1094.9699087911072
-969.319164933431	16.48365784720678
740.0492418085516	-778.3193672189963
944.6444720065801	853.8460305204188
190.3794504243864	-1114.025833214993
174.09587823276235	-876.0473909219202
60.46658228830641	332.18278437566914
-823.6822976317673	704.3195670773553
-291.0061283562528	1215.916092922803
856.6607734291917	-527.8432846258736
-385.94847330924387	-425.44921873373335
