# turbine_x, turbine_y
534.986065124937	-578.213222131569
-725.8550359720915	-380.6217075583938
385.32040721923784	-1110.8502080162814
-238.6273571085209	1029.0506080228433
-838.3252884501383	12.849664202524025
658.0693011706095	269.6470253856403
262.3436464105755	-573.4840025358411
-1041.5482695267976	-552.8968228639924
-753.4765702980433	-868.1015486600082
700.1024309694747	-938.4019219161879
-576.7309641655091	1143.297872020905
-379.08565228547747	-703.3780047336096
-533.9428441316049	833.2318539597152
-673.0570166449431	569.8789926641645
-974.3773935950035	690.6431017706049
-151.09176894841556	-908.7366740993149
