# turbine_x, turbine_y
336.67220380152463	1152.103337393946
59.26832788901733	-316.5599678369429
-835.5367733731996	965.1051586580503
-601.2833016481907	-771.8619771376555
906.2161724894427	-945.8857412609678
-1050.1406815416867	-160.93648637955022
1238.6792652049594	-90.43429174956503
500.8942201422709	-395.24660867670326
-680.4337819268472	615.3088966800956
74.13346751627255	-1346.341249152559
1055.135791113183	799.8916416976674
-373.02631812062356	98.76557137008399
-211.8597353258001	768.2319288558771
84.37226543936846	-797.8329990489185
-384.82305166260204	1091.902790798913
-845.9805981187931	183.98808726694998
