# turbine_x, turbine_y
-174.926769355507	126.62144207190207
-1081.0112448312843	-566.9322540693598
-575.9118862669326	-225.59958000028132
482.6310529284024	-535.7007451311323
-214.24373949534123	1221.5251792804058
-342.8266403207042	-81.74101477938206
1042.5021354318696	-625.8168528853635
-790.0790108948064	412.30958445017393
839.3686327271568	654.6041826709715
-44.08572703933218	-408.2699209236837
190.06230178848833	-867.6413861875745
-383.198646837444	226.80860341408376
-1234.2548525521288	494.21634600871715
962.8179632580924	-5.824870061195275
-1014.0044792179643	-822.9661162873855
-480.76765862168133	-1256.7962575987751
