# turbine_x, turbine_y
0.7034527741907493	-1311.1073554847208
743.2235617256373	137.60961058471582
-1288.7140087370956	-171.02409080835935
397.63791219080997	-1212.5150303247553
-1182.2331082251785	-471.4716462425834
-868.2847042078389	-296.72207175077955
961.7521437042514	-101.32705163049542
-91.4039066643297	967.131035834683
-541.861998550762	1038.855931291636
-686.6084626918062	316.3754225919937
794.5891882363362	-169.72466697148602
-169.28961938123103	-1103.1344088911133
477.8222166634396	1017.2425549729139
538.298528567731	-1053.7512340426888
95.36310790562888	-504.20916274508045
919.7533935872391	528.9410858158524
