# turbine_x, turbine_y
541.4953100138429	-196.3487133501139
-1123.802938787157	-723.0434070203988
13.326465604118631	-906.7070420959159
388.86067243107317	472.2304718853078
-1191.6385800008559	-573.8122037456213
-730.374895031872	163.71073224320983
676.9985661729005	627.9676151330438
-738.0606569286101	1097.678037583705
-446.8223842959578	-1188.1103071623786
650.648478591175	22.25388651465319
888.6474840926555	-144.22926594215633
-639.6591263049048	-587.3670929511386
-106.42177341143383	-284.4146366731857
840.8875387147368	1054.3447032042411
720.2240233366435	-883.2214887109021
1174.119733268496	384.33216179858516
