# turbine_x, turbine_y
32.56535782498035	43.12495680401156
-536.4701634487786	979.8837684722599
-985.2199698615442	-120.13874325308356
-699.345240310099	573.8584375914288
1188.3288518295005	501.1161443663656
-762.3804792731984	723.1670077022526
-289.2944972176018	54.12160373628221
-1218.0466601348617	428.3134146926568
-820.7046001303843	-21.714320611653193
-20.807927885797017	-495.2882706200777
1026.439914727264	-168.09837092244487
-497.10558293274494	591.350995876689
227.7826622746106	-485.41132427645147
1059.6741863440845	-369.4783990872605
-638.660938637842	-310.6319361423535
283.55954657078416	819.5102995484211
