# turbine_x, turbine_y
662.9247275966154	-438.6153410897254
-213.33969286486263	946.5795909514432
-807.3935365864777	-745.5648755227206
41.15784262963311	-863.482668337398
-1035.9505853176433	-364.5943743651665
924.657979697665	213.49527247343318
615.5682913090244	-1036.6335770895955
-648.8316508288357	45.72727960176635
-441.13771830218684	1249.7731495319972
38.766321828776995	-628.9800217003107
-957.9900015287785	-540.4273541162615
537.2308067181402	-20.222777493581702
-588.135011412252	953.2708912567205
405.4314921250517	-330.20439737751025
706.6209625952916	1140.6918570121493
-841.4381449793337	90.08430217688735
