# turbine_x, turbine_y
-1303.3356078297554	-186.5520797067623
-737.5785399405481	-493.98076498382346
-1167.069247187768	333.7805768596493
451.5110476921693	-737.0668232611606
431.9997438047298	479.1864575508678
-688.8973411619622	832.429284271857
1003.0879666341226	-643.0273837211544
281.2444453685712	414.89889259505213
701.1735159919971	-261.8938226605716
-975.7989388365614	-687.4709097121786
671.9972134256443	614.6286790665408
-620.4684649135601	206.83679857652302
61.222721046369614	940.3174044586865
-318.63374799799584	391.8257242680285
732.6767809220923	-673.8025743566656
-193.23054586456524	1067.3293534005636
