# turbine_x, turbine_y
-477.70242015935133	1045.4119491927486
-207.35107730890437	-653.9691192669512
970.3571959447845	707.8911667388516
-594.1213446509603	-657.2433389995724
642.9942504722463	1139.1799132309116
-1116.582885795989	514.553459017518
583.3437490951462	860.641780693981
208.12748468020695	312.97611835370526
497.52583435099507	-273.30120026465715
829.1363422815549	902.1957031378151
-192.45470276123024	1045.5874662851581
826.4222415897482	5.415980683765298
-711.0367713955828	-544.0048165891194
-14.494283264883379	787.2026328222323
51.181928698566814	985.774820500936
-375.06108323547835	146.14154288655868
