# turbine_x, turbine_y
-1069.975209410834	278.6001610323661
-583.9959302975886	1149.6116790059689
1182.14851702187	265.8434386066184
-244.3003267777438	-1102.117295257692
1202.9851418080198	18.107397904194713
563.7104610983498	1030.405710930386
885.5868672390844	135.5677431414688
-1.0896203908210556	413.96912281548
747.4403323438834	-117.61882337644538
225.0241392243622	-108.85040791090992
-1288.43314002789	-305.0589875813584
-639.6806429524178	-798.1599392620872
62.56565410542683	-421.7134795967209
923.636732196307	-183.36621326315418
-275.819074217409	585.3159816558402
1003.4766358252824	580.3817815524628
