# turbine_x, turbine_y
581.8668850014235	77.27213593665417
-1215.7255237731217	57.43356181282322
-777.8246250683248	929.0713841371291
-74.63960937222525	-134.67079638995173
-365.59491422128485	-851.1195370669236
264.67340242312935	729.1516667423512
1046.7268913598111	495.9297185690242
-262.55862285394545	-121.02389872856985
-1306.9615785997191	-320.5266772266199
475.04474206572866	475.1798821320517
-358.09154538809247	117.38609442883319
481.4077639318477	912.6018886035317
-12.656653968995535	-354.5311617028192
106.09989826299962	-38.83957255216273
-969.8664011439805	-237.060092244641
419.5791030294899	-714.881599921101
