# turbine_x, turbine_y
679.5293202954854	-924.9736812395225
44.50695606241744	-763.6648648077471
-209.48154065250822	416.57683377679206
201.3070105867693	-819.9655199762217
-625.8003548020259	-6.834057896191048
495.2616233544916	741.7323597929634
-1115.799004257435	330.7625362165734
-333.5325094036576	-50.78009875625931
-905.0687680328022	-398.556072018316
-1051.6251134223508	809.3696813502808
-1141.2136407694957	-462.6463538463935
848.8728024287942	-927.5351217407832
1189.2615232208811	-47.175180611060206
496.0879889888402	-817.8777039213827
100.31905927950984	-285.5466173739829
213.94893152591874	-417.77016893830125
