# turbine_x, turbine_y
-1056.9778629914874	-99.00522748734848
-878.0004681686636	18.99086188470651
-961.4790416156465	338.65624928850184
821.2734007390729	157.07587079367903
1311.831508085666	-271.9828723665195
397.75647479392563	-355.21727470657163
344.73024465030744	964.240070971264
371.0529193130153	-829.3653655935655
791.6413211637499	-459.73875602461635
690.0248732223446	-206.26062402236332
453.94645417437476	17.128818207125953
249.63936904348373	397.79738780126524
998.7408054773086	-271.5639152308368
-800.2137784658283	-708.4550452916953
916.6015644671055	754.8141483708793
1252.8157822795658	-93.03727296794624
