# turbine_x, turbine_y
976.5877112647024	-258.6610490143569
-650.9522351517348	1130.1518792010438
-164.1522429955883	-641.6957790536652
1001.3932018236405	316.4815376386754
804.419883242548	-855.7387520951576
251.71054280893853	-408.65080257428434
-1150.0357218388024	261.2566354817845
1148.8636470649458	228.96379966790428
-381.0898825281979	855.1380214957047
-533.8211759228079	-460.3620783243737
1079.2011408237483	655.1053785392415
421.6177957682752	-627.0375085716703
-777.977558233029	61.622360868310054
-943.9036345418765	888.8561051941591
-925.3791662889118	-37.015374858189574
-730.6625105947882	-392.1730048643466
