# turbine_x, turbine_y
-1236.1592882105263	104.23551774731443
369.3041762461714	-289.5101046848681
-836.5761739521149	-487.5241640334952
886.5880193218159	-460.4638661549504
248.78639078743916	137.8127463992224
436.3933006023778	-969.8011861649754
963.80539828513	536.8420664328846
-848.3054115345603	1020.6209586493184
-134.18640647549785	-520.1771771954908
17.43286208114956	918.2744258186145
333.52552535401145	-80.84293121176493
899.0032351412519	80.98790347182114
75.40707065299866	37.0781773881089
247.4510408021125	-1051.3985496574394
830.6134536387932	-278.71858604232165
-1103.1851673406882	689.9814853638229
