# turbine_x, turbine_y
982.0696042031792	27.309089089670692
-994.8671857036709	-28.489141015229478
899.655227980812	-665.6427648772957
588.8064435658702	553.6620591517939
-348.8980665418356	1175.4463551764675
-172.28629183479433	106.0284142970982
174.87734351644747	333.71453282483344
-535.5874661164262	-1018.8610511074032
921.9075247574044	-449.425564046654
157.4954619489393	542.2435177731144
-695.0182177453565	1087.4389609521832
-202.66245222077637	-220.17599873704543
978.215844388482	504.01600556947386
435.51592557711797	389.1160183442869
-571.0276213168091	195.07595435890372
1067.1242423752892	728.7927346794288
