# turbine_x, turbine_y
865.1565991520375	494.1927746026254
-787.3407119486307	9.064580926691379
-843.0220419308284	1028.2267233414254
539.796146700618	1014.2192285127531
942.8901685728792	904.7934544724711
-393.57786456109	-1026.1643191060175
-38.962655045362204	-352.88933833373073
886.9952222193497	-395.63449487459087
3.5125352567483503	54.66878355573472
662.0899105405855	-473.48953142970464
4.397442433423926	-1148.4817993876272
-180.95940050154	-448.6781752058843
-832.2956467212639	-562.4342673154285
-222.90499834787863	-222.83431233212116
-103.12775389073678	-721.178648032729
28.893327033736725	1321.9994576583604
