# turbine_x, turbine_y
-738.1737986146082	1048.4475187531023
-127.71714412783304	-140.58740411633215
-887.1807290809384	-229.5958433555607
-646.4113696331227	675.37822621499
1110.1779348296968	-340.57310974211197
1142.051169714485	-146.62501675273654
1006.1567279128988	-651.998966464602
555.3908843925906	-1193.7439352933043
-469.94614336237834	474.4317336485357
-238.26937192962168	662.3103639947767
-81.57348371419432	402.9772671802652
344.81173863339677	79.6433612593646
-21.68481477955959	-1088.191478421762
343.2137119288589	-533.4203053347968
783.3797655823621	550.3331758794916
161.79451124744278	-1063.3677734296803
