# turbine_x, turbine_y
1112.1121378456376	-591.4791966222125
-1219.2698867118452	159.30185132813205
-352.79288667162916	224.86091446733533
-665.8408456026922	-490.3050031135217
-1061.9853261097228	520.2757610519666
-1049.2903671089632	-417.75505897035197
209.90649226766885	313.81416071159674
-1215.5105606452169	-389.4964846769035
309.0444240280801	-376.32144793844725
-526.9940541740265	980.8502970760966
892.7500657509943	933.2843118686664
-453.06276717429415	49.67042133869239
-836.3526272707517	689.4714673910963
-145.72100998344948	928.7937475977665
942.6139082746893	-214.28794368765458
-367.8031710451227	452.2715940429353
