# turbine_x, turbine_y
949.3614623916726	-783.6914572111252
-909.5873751376134	757.3926306716244
-767.5346011161776	72.0871995956986
1031.7979138456828	-167.45074365434797
425.6195797822032	575.892227860571
711.1980728066269	-1140.8725103993904
261.84433037097057	-4.8797494346131565
-59.959942470958794	3.234861725030136
132.1353808559571	-230.6399402363118
255.39398574054366	551.6618842843683
-370.12073110806796	594.051283530426
-238.69813648732327	51.007141215428575
818.5345212400362	937.0036348770963
33.919523340740334	908.9840688582975
-153.03975768139622	368.30198876609654
796.4241615986542	570.0283668329266
