# turbine_x, turbine_y
-990.5036209314924	601.9730765608109
-720.1510529564524	326.89630062053936
661.2951029542868	276.37954873947353
227.1881040459478	-276.8535126338969
528.8943097111932	1195.9934105640657
-216.55046399613812	-882.3591880952098
481.9655989872202	-1136.1057682290257
813.3564372556524	585.1272484717003
-376.39620839307423	-801.5473105502708
156.07331884000808	78.47214824424698
488.62849021560015	926.4690829201363
988.6783465415956	-49.479674286531015
-682.9496395608592	782.5739237784754
-425.5069615064127	764.4902083164536
1110.176839668882	609.8590731318778
408.9745894956249	468.68033822817637
