# turbine_x, turbine_y
-132.36002949984317	1308.5640952761548
234.56081480378873	848.7205705789443
426.3139184363868	35.41415567579045
-330.930519023868	697.102108096806
797.4448378309494	-119.81567259638015
-876.4726971541378	32.296938980192145
-382.1900363289888	1234.1253475525634
-29.94484251959202	-412.214858404865
473.6818039809395	-698.4872845897362
-361.7187267316576	926.4043870324548
730.8685728306867	647.7089438655456
-705.664220312815	-18.32983283808587
141.10054503235557	-966.2623568881703
-61.46306514748958	1144.9285820406244
121.27714112384456	1218.513346794737
453.77287388484365	1210.7752036615484
