# turbine_x, turbine_y
-839.9583609630614	740.4651142313892
792.7761168553376	1008.8503537799143
429.8517508944357	-0.22025756243642114
-480.17293431765825	925.5815484453212
127.86582593433526	-200.66039145160116
-1264.8528680343175	413.72885029237307
1075.3117769053822	-435.520022930728
607.7775715873527	1125.1878887680516
-555.7954710396021	-1198.9496984002672
87.55506058694192	965.9199266160138
-81.64027436939448	-937.6058027198479
-424.42431725051296	87.2131019873232
838.1320261661429	426.19436081354854
-484.06697885271024	-85.75205845161817
-119.74338396870232	1124.0234643468984
590.4906636136727	559.7640661706223
