# turbine_x, turbine_y
898.5354867657709	826.6652211478105
252.18516738738538	-345.06532009469
970.5768206549599	81.85755402187587
-306.36339092849505	473.7224617275985
-2.724178177152492	309.69124769788027
48.32548631798272	838.1798249242069
373.4962589088879	76.28289451772604
682.1427538712135	-212.47126381779987
106.8326080062214	-697.9836626522198
-482.9825009057919	626.0564370026843
-1094.7400823170503	-302.1153134396802
-540.0074572772446	1191.710346887524
365.467933752336	-542.3286948604449
640.2419183990113	408.91730401331796
1013.0207488990198	340.68176425534784
1267.6850228179999	176.0933148910358
