# turbine_x, turbine_y
163.94766997495563	914.1135819844899
-346.85903901832114	33.11476835340761
-1024.6401146068408	71.68202894090486
-122.6544580147539	886.0500109819986
144.32361067852838	567.2676083592678
277.57650698268293	1280.6011978293495
-277.8999439807596	-1243.3313796152654
67.47455660690056	1319.527467670579
-609.672039160423	717.8414274317777
-738.6674210909783	-340.7462436121158
-842.0566492506349	-799.348180639808
-882.5018719152685	833.2529996868725
316.15546361891893	-608.4825541635394
847.8612483226242	-231.27299475246792
-355.35360225608645	991.3451039300115
320.74742052200776	13.72409094700271
