# turbine_x, turbine_y
861.5573700312743	960.3114278115472
-426.0919438213563	1155.0268095066447
231.5344122946265	-956.7817357291707
-167.78950604703198	-237.6428881885356
666.7185343207058	-839.7974944786146
175.00641885543416	-721.9929389806446
411.9690287076305	-869.2463178203204
907.0191343558057	769.0856039345608
-98.45240633745318	-862.6479463531169
-6.174737007738118	-213.49537934183172
575.2473509949486	609.2296566185539
1031.5773245128808	169.88664218575363
416.91736204601665	1205.7484116765304
-975.9711608158016	925.299900413351
866.0996341738824	574.9317725321746
-819.8181019454032	-794.5630108436894
