# turbine_x, turbine_y
-619.6380184844159	-935.1122747028071
1181.0849506359157	-516.9320317569815
422.9565818118394	-407.2895625264438
-210.44674508670772	1025.842598325776
-43.13584026831974	-100.73352968577929
619.8886838310397	-398.2026247248978
-1031.7627461483798	-322.8016486880413
66.19361457549769	355.3570344612817
492.1893655525101	-725.3571006631583
-97.97932918677223	-1155.7982139196447
260.20345794359866	-409.32297633024916
-413.57581593473975	-1262.5659653839268
-791.38184492033	678.943273999076
-464.4624649025992	-494.91394540274257
296.7151526178785	1114.1174723049182
1078.57173339705	-260.14406806988853
