# turbine_x, turbine_y
890.3333576229846	-293.3173775433197
-1122.073534894056	-572.6013326267883
-5.285924315946833	-229.1851123070503
-841.5148658774694	942.1289198863957
707.2706231382786	194.7378827984891
-1307.5856600414459	-58.23229897460287
-1291.3393880901035	102.07120840824709
395.09180448855295	-363.4131861456192
523.2924794125913	-513.3554867021336
-977.3651044578623	677.8836921389683
723.610799147056	407.6356453753306
-969.9726001657015	-31.672859682398524
-338.9148986717827	1243.3764761525088
-569.4971419469309	553.0974113505939
267.477003771472	-1294.5948455277382
-410.07063104235976	934.2126104462499
