# turbine_x, turbine_y
-789.0875291744171	999.8512520113936
-724.6066617160044	457.1050844469764
282.19511142495503	354.66447078832164
-244.32499776993618	-852.9967565889349
245.13984023529417	-941.6661757090936
-558.5338712776196	-624.5154799380795
1167.1666150033939	-143.88916091037564
437.99329139731316	1134.1651329045299
969.0237634837747	-802.6329991277438
1015.8871048608654	111.62428986088355
270.27946339127544	720.6829310490862
-79.469568880184	-521.9239884575718
-232.7016074462606	506.3604057515487
497.97881053255367	197.77104981871344
-336.62042943634873	637.0963669498611
422.7991681148005	-1226.3778903488442
