# turbine_x, turbine_y
-729.9262969283964	66.87346025153253
192.21324921902087	-682.6387067257608
-185.92286793615312	865.5971129437172
-542.041732701957	1001.1636021669324
-1212.1806006211636	-429.5641651848554
-1195.8018750364147	580.1985144497704
520.1344808631775	143.76400900769437
582.5492033799339	304.19721160591564
-1106.9598652869206	-147.9756262120524
-1311.2321523504409	-202.86111819130278
-985.8625941805557	237.04615400757046
-86.8792886740247	1124.204994499608
99.14656486863991	423.2415657007152
-14.026422104663983	-15.968859323144535
243.40154487935547	-368.0661920651358
-1079.3733738193253	88.29686434742214
