# turbine_x, turbine_y
-96.0915452965859	972.3484172976084
830.394642683154	916.2061739441845
-968.369071782308	-459.32464811208433
474.5026885503118	-1.6950692218585584
510.4466330898137	-899.5098739417314
425.16412470321893	225.0003713765383
800.0859525974666	-961.1882450493472
-1255.884767684778	23.91577327123864
725.9422982871738	-378.25400729934915
824.504563626598	499.4296674738055
357.4556861053973	-642.9800637984393
-912.6665522984972	21.503446675545934
1060.3393165840325	-115.72186659842333
34.630826039294014	304.0007043125726
394.7541507539919	-310.05081635037214
-394.8134288844973	-774.1340818477006
