# turbine_x, turbine_y
939.2200268313052	31.48110431024005
-1096.5139745010554	530.4066285401035
619.2462006483995	-746.5126598280254
299.5668319647448	421.113892868985
-790.3400512036579	478.2303758262264
307.40036614180434	-457.54096301564067
-896.6201045261931	14.463720639740707
-329.8907049425528	1188.154760651793
288.8522059654681	1046.220574452097
-693.4538397820812	-23.499168343467637
-94.79289801514854	-1188.7633206716716
109.19194529642304	856.5019215677041
-1174.4126095609518	-17.081996774528907
189.54928306682515	640.6672285384223
-242.08503200812217	828.5164731025473
684.3885922180062	116.24322819647226
