# turbine_x, turbine_y
-550.1289743033836	772.8656555538105
184.09396994094575	275.80430545357433
1208.5693748508022	-583.8817409512102
499.01460762354486	-233.31482800414616
-1065.8804023193445	489.36330616102623
891.3020501295196	85.56157271752399
-397.5813682622778	987.529431702612
315.39672466288516	-444.61107957411355
-759.8403844810745	970.0318059706482
-22.67982467136429	-1120.3904338977463
762.659795656248	-938.7550557106714
-604.8913361557471	-287.20119054973424
-121.92326184515854	-197.7743381482433
874.9764447262473	469.68299792628545
977.5315685290062	-619.6303440274091
653.1035596286307	316.4278142169341
