# turbine_x, turbine_y
-505.567771864051	1120.4124240645633
-76.88947277193492	643.4378353914451
60.54227662662455	-217.62302548807648
-1022.5817347132515	-120.36923478560175
-223.60396522299678	-972.0430166287795
273.7198899080011	796.7113083996167
-938.3928696414641	819.3111400804978
-229.56395317565713	-395.61421999885573
-905.420866527538	628.1496137882702
-919.5068494999707	-438.44920183492025
993.494336923401	-768.8006283588223
1224.7539642914594	-319.9835323352998
-1232.22531713895	367.8294684094269
1238.3863930878506	138.4629557531876
1188.8173208725402	291.4123168794941
54.37505177594444	-1168.0548922794742
