# turbine_x, turbine_y
-516.5904864571355	1153.5270888609937
-1181.7175193679298	-348.37529365106315
118.49374092409536	-53.121874842043894
1013.713101926996	-228.64186507982126
-566.0426389281184	439.31569219176265
748.819311186513	-499.8253746719709
-82.65968194718307	482.9065193580639
887.825133093723	441.35995784410136
-1156.7153649645254	305.5976162190446
644.139308057695	-1042.7841607168891
784.68523672902	-248.98672302059626
110.33405547313029	1026.8315362064584
-395.49394683021967	131.7616244726379
-31.36320226032172	-583.2639689783856
1167.6201878800737	-341.07344622667785
402.7202342883231	43.25747783476896
