# turbine_x, turbine_y
-877.4822534669757	251.45680042071476
625.7196489820091	-1195.2436121065705
-210.9059531971524	925.8571288191097
-95.98969396181816	291.7939605005366
-394.1641210591354	-829.9897326837055
84.35902239260366	-407.4292833753101
-487.895091121988	-532.8032481063707
313.07964034834026	-396.1393078639228
-1081.0350816992159	315.1368086349863
-440.4121073866711	-322.16006846556826
462.2822996480569	1141.9173928575099
-508.57281725343177	744.3109248873556
861.7105753063439	621.4669860499527
435.31478449902227	213.08780424071193
-1296.0154891416605	-60.98537292939081
-133.21439610393787	-405.0816991194694
