# turbine_x, turbine_y
255.57051457684517	254.1913457271723
492.63138867777866	-293.5842678694503
-718.8146405610582	-312.53132283829
-154.62395316403308	-74.5772177682344
-377.4805054565987	-493.4183181188679
562.3576004141271	699.205507070872
-147.53592561103952	-1217.5994035260785
134.1727492215525	-167.62671941906297
-1231.591751844271	-297.0410051520531
623.6113558699014	1083.1270905398046
1036.0832689684778	295.9160262275799
668.5684771221748	-1083.2117228205998
-34.701918752448435	-1335.918759902882
300.4491577482991	-592.2878880877487
-219.76463808111	589.7032955157174
396.71264933612866	1281.3207633893746
