# turbine_x, turbine_y
-319.21122136308077	-1104.7724273334168
684.7723144318346	-444.0313517981491
-1319.3374767723853	156.01877911972565
154.23399006418467	-468.62107736492896
-69.4996181863182	1193.8256521196952
-1237.5737448976188	-321.93349250672895
-107.21296767345989	-261.7816078972689
816.7047697151311	1056.5356430135143
450.669736259656	-669.9852693484535
-469.39948627403385	-122.6472745792147
316.9843795798886	-1233.636849724766
1143.3602512610844	609.1369372885478
-1199.7707101107028	428.7322845618766
460.2794977901213	1225.6782666777567
-834.5481628390695	-417.7444019171033
-669.476189680211	-281.2437531146026
