# turbine_x, turbine_y
579.6490831770058	-762.8278011999282
-647.1273519803514	-823.6119074448004
-598.1827820394487	586.6130769903986
-863.9609135017547	413.5868229224383
-33.52451378318899	-597.809733834531
736.5099222183462	529.3405428804851
-775.0920831401854	570.1744088407776
810.5454930108592	-999.105560850708
-232.87667311424917	-279.0475742872245
333.1758558452643	-31.285661334941928
-283.39562598409185	216.48735854153185
-1105.1497779940491	-259.8080357043381
-292.0004950983544	918.6602570903693
-101.10066538499916	1276.3656704315035
-163.61448993632342	-1021.6297347580762
988.2107737759924	-707.4397449852142
