# turbine_x, turbine_y
-529.4876436522667	1224.1948086124105
516.1122113939358	650.4452513742101
335.55880920454706	1024.7380609875108
-340.639512925111	691.590404160298
-784.8882213821615	-127.26742025294406
65.9380083459998	567.7980071616532
-257.9456176290467	164.5413988416493
145.77096662503496	-678.7720903135106
478.36904317000796	390.180867071761
-20.239330031496827	1079.2662460623967
-177.52173858154782	-1045.8378268167305
-287.23495027509824	1107.9096511415494
171.43092509912526	36.77113626553514
-259.09927987413784	413.75403173431874
-163.8879247641286	605.4412702303592
-1145.3671249359586	-440.03192413236565
