# turbine_x, turbine_y
342.4543682773723	-64.88769049229037
589.2624206439132	-1016.7427657524017
-144.19889711796253	520.945515787579
-519.6590117719905	1135.2935315248005
-900.2655881587474	470.9852039112559
-580.0131112482322	347.28047428529277
-374.11792466425527	-123.07886231850355
841.0606104935401	-429.69476445071876
-1049.507545320658	69.62063025588475
-815.3299203729199	2.787958357042397
-1256.000889987278	-301.4634064688935
594.6624406718663	-769.7113665947887
-315.3666222687098	-1162.1466308218323
700.3045056029594	190.20843009217256
-161.59248251991508	770.665240165071
1106.7784916978765	598.941232667587
