# turbine_x, turbine_y
-599.8389975585278	-542.7612262813035
388.1317960167069	343.06514704198986
244.3761607760735	-463.68672642131486
-419.29588150204404	-227.19082806932667
-137.66050396346031	1280.6140779327582
900.3826306632865	-517.7614710822463
1314.8870607495749	158.77062955895553
673.1199793424607	81.50068532727168
-485.75731095971764	-727.7447356566498
974.1522285503312	-272.0592816586689
-283.7558173016364	-896.283949438081
1316.1741173024789	-206.1194205174343
913.6961880476645	623.3389595100695
1085.8571766725624	772.3405110158095
-545.3715130596693	107.57022290510446
-750.2797371148059	799.4530072906049
