# turbine_x, turbine_y
-205.45244892393706	1034.9325292814858
-1138.2973624449944	-601.7603090018935
1103.7675139642843	42.10754145437461
1009.6406481396704	282.8534968104877
1245.6209947745688	502.47396691683105
591.4014050411009	-175.25391909798796
-945.7848585873977	292.5449965578467
284.62907213836945	-1203.676414678168
-617.1474401475795	-949.3686326072167
-71.97588411432166	-1343.6220904443878
739.326968559456	415.38132526362466
473.39656391301486	454.80977082618364
-1165.987684073279	295.6132662827872
980.3564577241666	-808.7528017151716
-594.5403331357127	-4.505425901665472
-95.53605343008593	-1045.2875910196367
