# turbine_x, turbine_y
-783.701324893245	374.10820976444904
1076.6431483243102	280.5175034537954
-552.3484559920183	-411.44635828645653
-920.7343687939797	936.8295210711314
-1235.7907359930646	-529.2158983093099
1197.4546398665775	-283.5875944129394
95.59018756737557	930.0895459546036
-1143.1948448634585	143.6155110905599
460.0179078735936	-228.86309423958986
-21.782525579074672	-961.8964301654919
-324.42530435640236	-1242.3436031210688
-1000.760463042495	780.6314277727957
-1043.7851406333136	-281.8455231150576
367.4410588729972	-715.6443353889571
-619.2221869111884	437.02375677883094
-205.89464252058667	-416.77279254763044
