# turbine_x, turbine_y
424.3981496127196	288.05487492537435
576.7849360830863	-645.6344468322403
612.9236506262827	511.88612403808673
-541.6864666356724	841.7947696483243
-868.9533351477252	100.88260748341979
1001.551352543081	-645.5580066809983
738.7444122231963	-427.7025360168403
-619.5644357252556	-1081.8826153173952
-46.41203486409111	-550.7780647997239
399.2947982144996	733.5257434157219
87.57495779055225	294.9653851956201
-663.1466085622042	211.1532070052158
254.39596951574322	-680.8126923283136
183.88456071349566	-1138.1145414090308
-434.82526341370493	148.50538025125496
-1158.573559126116	-370.49874350271534
