# turbine_x, turbine_y
-190.02246818083276	867.0600386289304
363.98734361819714	-268.8377212482705
-781.8975201555095	1088.0770064581802
976.712587618825	-206.46177529689632
-318.91181270605216	-362.62252210136967
48.444946788093546	1266.5784029682218
-725.005258788247	-57.435307393912495
275.3087161727262	848.1903012498909
84.58535032056514	-533.4307204616573
769.0523277712907	-994.3607439072233
89.55414892967815	880.3400332092197
-662.1488043548612	-349.0132644915098
-221.54435819206614	566.6109046308133
272.3876491439329	-1155.6792622919957
208.32360285303935	621.8848138108837
-17.84343258778818	317.2882328112586
