# turbine_x, turbine_y
-677.374530818569	335.21652850603
1132.2739937874017	164.45692982173824
678.2848949304157	-214.921607614276
358.027809841301	520.5500341168987
-1131.0559462567867	-707.3657067835595
-665.9159956214149	-733.57729891558
84.4851949098274	204.01484121087498
1079.495475912224	527.7620678761741
446.0500173137641	-795.2706335577612
491.1401616069671	-69.44597468067468
-1008.3978458232829	682.6858833180252
452.33382826375487	-287.58687562495646
-815.9558829669534	-1070.8437414198415
-548.5735032068225	725.8294050248545
-1122.9746061423566	-493.93572251525006
396.98114952414903	1142.3023138584615
