# turbine_x, turbine_y
69.77751487082107	-657.1273711309856
-217.12781176579176	489.4165431080102
132.6091729289766	-239.14124661584486
319.78086708513314	1047.947344647335
-64.07432780373105	-3.266519943668733
-755.9708926501943	-348.47672730318004
1204.3609200608737	27.1827609966655
1218.145999881039	-430.4433967451873
-838.4661442768395	-934.4605537869518
1258.6144468368568	-170.35213217502024
882.0382694252635	-260.24999894998064
341.75231537234055	304.7570868057579
410.02423297727256	-247.98235928290012
350.1477043095068	-748.2690034062405
-511.0315792239845	336.94207109560654
457.68184736472676	-530.1243051106158
