# turbine_x, turbine_y
-796.6151346502671	-9.925073929749795
-969.9025918866812	595.1868940228197
-140.69905721557157	-472.2474433574698
454.7428131614037	338.431454317666
-484.47376273543364	859.7610142875617
1040.4478951370486	-264.27885443867495
-646.1080761830412	771.2154959598116
281.357087295685	1274.6670160149167
-270.77099778755905	680.6769981772828
940.8343650088125	911.1764949787117
708.3603042419859	1020.8367351341958
91.52070654704292	-968.0484615218369
118.32556600468172	266.0884732456229
-918.6394267861434	221.26339272917508
1056.1508910298658	397.45839902489826
-754.4276082922709	1102.1194814351893
