# turbine_x, turbine_y
175.12986955730798	-475.24319235800584
-594.2105067684072	-947.7107870025327
-939.689238371737	683.0078147557746
-1148.7932855321767	438.1004178230521
955.1913628398836	-356.6381814959797
-47.300975866452966	-1260.384480241576
-802.7126102520202	334.75724038213144
-540.8402738045922	245.90586116230094
-403.8625182652822	-993.2496465095533
226.60595230849498	1072.0417563312296
576.5291852021808	-915.9100726374248
1271.7214435113788	-279.87136935857745
-645.3173522149774	553.4620016749485
-136.6529323538357	-322.6392326871425
598.271992944932	-719.0072831293129
354.7445736779242	-187.7179037911151
