# turbine_x, turbine_y
541.1122876883302	-518.7055221401152
-277.5806258846293	103.45794430359763
892.5138093299547	-576.4456593345228
1309.9862070196339	68.2426050366542
-300.6096219500832	-368.67110500902345
-848.5806634467676	-95.77624928295742
-894.3537324276343	-290.3352913683866
-1107.0398948209572	-34.23463397588584
-390.9969336699661	938.5807956819988
863.8089733089109	-101.39899470310989
898.7159069294435	-884.1617854411174
1156.3844982515054	654.2764918964253
-654.8823433656472	-789.2629344320166
-1233.3443190983317	-425.9636429774133
354.65157599210727	482.6343381190411
-720.7524675121346	857.092724954916
