# turbine_x, turbine_y
594.4745610570908	-470.8802273432655
-266.03435541860557	191.85410018537908
495.7848591008131	330.8576817457575
-1328.7951707753082	-129.6120574599618
-350.76364165468556	-236.64500350476763
-1255.8627670790079	274.32111636167605
-1048.6029687951489	792.0041871120721
1086.5160755337095	614.8635151799125
338.7279143407168	-333.49358371241055
-988.2038183065932	316.3761976107245
-182.94659365118648	-340.4855269061783
190.55323182890783	1326.7837199162636
794.7036728847212	916.1926188323974
976.6435854422823	888.3055545769157
-259.4687346753865	-595.9340216970078
673.4152624804107	-111.61127426763638
