# turbine_x, turbine_y
1247.5187989151298	279.4111028189037
-549.733055361841	0.9287152405652588
1156.9192009448177	416.79906749332724
-434.7385827170953	-817.6463133129292
-335.89476137785584	65.12837638917124
52.70563448308363	102.11853510728281
4.597282047164963	-920.8820142039514
-504.6960661236979	-375.98870254928147
85.84897940699116	536.2958930667263
208.7410045358535	331.72629944446174
1089.2231995900468	-542.5706496601442
612.9619461719417	-300.7840720288985
359.88162567651494	3.886915993488538
6.304342292868181	1200.395937266143
-498.3585683154114	172.73629566707575
-730.5563959443907	-406.00184231702207
