# turbine_x, turbine_y
909.252553937132	361.86238502806196
-618.5079173092514	405.4549182126626
-7.293193130578146	-716.1414334684097
499.45109372102314	572.7334160154604
-6.485846049375077	-970.31925822957
550.8212994960818	-572.5114228178516
458.27531628488333	831.0169127885916
1128.6472325800175	-359.9616606075927
1015.2773418102767	-681.0843019159162
-924.2005250435789	-742.0085005299984
-857.7382347304024	-359.7647803790521
-602.2061106565155	-96.99153340781983
168.5667226770562	492.52460064861083
-981.2596060544414	87.50466677870396
658.8796553878299	-266.47512678598406
-236.3679685937761	-867.3751909638108
