# turbine_x, turbine_y
670.7210762682049	1134.8416757224245
275.0743458702671	1079.5931403092472
-1242.7087190740713	-526.5989690326619
-189.7804298092273	1292.9760802293213
284.54430862749155	90.7734083237136
-35.6069878908138	1.495593461344269
-9.23181136684943	913.756976819266
-512.2020162076686	921.0010215838604
1083.1917701340844	458.5707321795804
-658.6759815760498	324.40775852278875
1197.5835637652976	-30.408405382305894
502.16273204623764	-653.4926259044133
34.31790081379695	-1227.8281266812965
623.6504982821544	-872.9420566788579
50.19517958290365	1213.6307265218634
-1312.888011380517	158.92822243495885
