# turbine_x, turbine_y
97.35731387342756	-289.01587408558925
1311.7222635865637	-72.93535505184292
-114.93929956886531	866.6112389994897
-768.2223772463026	-16.07866188874403
918.6447825314056	825.9222252432951
904.5572623742654	385.1838812779189
-501.07899689000664	1149.1108671434906
-423.62350001215714	-304.5689926929359
-760.2031329185968	-1006.7026062445553
643.063921300668	-343.8595768748088
342.0398163552268	-529.1215055495982
-1103.4089493704066	81.67002970933845
485.75505260201754	1119.6768163081833
613.8168690260716	148.05157523463143
-843.2843757487726	131.4341005434593
765.0366230230107	-755.4344386667275
