# turbine_x, turbine_y
1308.3949627265122	-26.26857635142241
873.9819858987089	-119.72440564173756
1017.4146655155645	303.02631666553896
881.0503057190035	948.4828143991132
-677.3161725619024	-574.0331737854465
-588.0086716825851	-934.5975019547434
39.678547063437094	-64.02126070998895
922.5943134443626	138.50009852732796
634.348544708973	604.3911639186074
-219.2917352493116	1245.8124935816136
788.786533120497	-507.29339042074776
-242.3539050465163	-1029.1214209482541
-503.28506045273497	-724.817371420049
109.29686307373588	323.7811560052036
-931.6866799446983	182.63972154629337
-1028.2323686967895	809.2684665538715
