# turbine_x, turbine_y
274.3901515577298	-999.7762565377832
1091.9256630315333	-51.57297574179389
1268.188974888848	170.32452796131298
-867.5003249613683	-187.384125483214
-248.2576790241298	398.7970491871826
-106.83722976693475	-966.2258252836991
-65.43892240280358	706.4116660367381
-246.50408992863433	-325.4791696470756
-152.66583195345387	1067.2254978562967
836.9502563918172	75.55963633344933
361.14659224500724	134.4775892785976
-857.9044490360279	-379.4059261664459
182.10177659445628	999.0857270194747
-911.5029089408044	-626.6943666084201
260.1752950816629	-458.46534367951756
643.8147137920574	-18.245951687403306
