# turbine_x, turbine_y
248.91129034887172	-648.5933936594998
-687.3051379638941	-793.1586049443985
28.726583628959503	-1246.5698512321446
-67.77694254387931	371.28531294745585
411.30744402362217	-1180.254267383084
688.2465714901173	-100.51063494194361
715.1655790132079	-319.1255735997724
351.94044551676456	-784.5660161481784
208.57394284679452	1089.5485223712483
861.15169873033	676.3381831933837
-231.61076631984213	663.0552040998799
-508.4752927394057	-796.8426191726804
108.31179577240731	-81.24026162554428
1239.515247789269	466.3384782545239
-526.6338134693267	-1068.0267705187873
381.39955343614633	341.2685293793527
