# turbine_x, turbine_y
-667.6954373431694	-942.0829913907011
-538.5660654234101	337.9916768602367
1127.0979123767615	-194.90331092759155
911.1928074332676	935.4483194341116
-622.9892037138404	-184.17590128827635
35.07681834681789	-524.1190267839742
306.852248566803	-277.6869723305423
176.16584335249604	-854.3380351116814
-360.00577762043	-819.0401625961298
-1191.2479427698293	260.14935187428495
-782.9761838064935	865.7555168473536
1040.0002082085332	-448.4385061452231
642.4921482545715	571.7704178197156
-455.14599295839	113.61296125487658
1262.2961021086544	-475.30848760518654
-449.04167012206915	-1250.6081330528095
