# turbine_x, turbine_y
1104.5626191044828	15.68885702533196
874.5274195417315	-439.6786059833538
-275.72496250164136	-329.7578825336398
749.5274198266285	-1057.0586918850265
-500.55536420435135	-749.3769929810203
80.93908280029729	1320.1260510976695
-758.7062483712572	-581.9551237140554
211.01429141511994	997.910824647427
-454.6180308793106	1013.9220217591226
-83.04126878482525	382.0056216043406
528.6387435005595	-467.93580812246813
-508.363296825548	579.461674290798
374.143686077834	585.9901484010646
494.3783663179849	-637.5798550814359
-66.21561303967036	-216.8275018908445
299.3082692454423	-536.7320006928544
