# turbine_x, turbine_y
-1103.3738333181343	-191.04760576152952
34.83278918880788	549.2867851283589
1179.391844984463	589.750643224683
-292.9252403768945	880.7517331881436
1015.6555205863071	457.51115384662626
-1313.6552236513992	14.59449011826326
-635.8504021679579	-848.0475277417253
316.12199440527553	-965.6891628058183
-147.3371888195528	367.5107089672277
1132.9728445250114	315.1827525941067
-418.52965479218693	-85.84266148876338
-211.73963401683648	-741.8429007892223
-697.2138088173875	-274.3461145654926
787.6613140364643	-1095.6860831260387
453.6523700839678	-781.029174629317
-748.3855141929406	709.7055385768679
