# initial, wec=3.0, wec=2.6, wec=2.2, wec=1.8, wec=1.4, wec=1.0, wec=1.0_withlocTI
1034.4779106380522	1110.561307079572	1115.581003832882	1115.875523181296	1115.7725832801857	1111.7009088482068	1095.2227675386875	1095.2227676306757
-1060.4563795028325	-1176.693680879214	-1176.7702320970384	-1177.5922879432328	-1178.665328171916	-1179.9560459473578	-1182.0946987245616	-1182.0946987024206
-86.56340160072861	-155.02767809280854	-167.9842519447382	-176.6419073113301	-179.85373931498432	-176.92275898929898	-148.9595162904293	-148.95951522356668
-46.383144309278634	-318.9413185504843	-326.54497958977896	-334.45733940967386	-341.8063973170237	-349.3161825724014	-354.90650273576045	-354.9065027664142
256.50159532287074	449.6004712428407	455.48958789230585	453.576598356334	452.0711785910781	443.42099428649044	414.5716154297795	414.571615119784
-543.9541820575149	-499.69742985610014	-491.11817136927107	-487.6559892977132	-486.12455628797886	-493.0716106056756	-517.8239148420861	-517.8239151479847
-864.0951851129178	-937.7108122124936	-946.5280134449698	-953.4775327784648	-958.0953396132932	-955.2328706730489	-942.0581131307646	-942.058113091715
713.8816058636469	793.0600050109014	776.3009135413208	763.6716318974948	754.4179401544355	753.9324316723846	782.6030698656717	782.6030703095163
590.8070408526934	646.4216957920805	647.3810014783868	648.5588109824088	649.8318395498401	649.8367719559346	651.2521918571199	651.2521902023506
298.5404645397869	454.5917136958714	442.1301069120422	441.3862444308357	441.6463997383719	451.7976198111383	490.394830251887	490.39483004643057
-2.6371103205093505	235.35765300272462	234.9719909463726	230.81681781375102	225.27326556880806	218.41183491806555	206.52390478959475	206.5239049163236
-730.2336506138973	-1189.9441099613166	-1188.1840321869993	-1186.9278143938918	-1186.445376938266	-1186.8859833005301	-1190.7187168218964	-1190.7187169553545
247.52698464070787	103.85023495806932	111.36463170843005	113.5250876086635	111.61730841934396	99.11850375714641	78.05337655637116	78.05337679341513
802.3700420873429	1112.591643443715	1110.1933384389745	1110.9762686154709	1111.5896948144953	1115.0685278609476	1126.1129498521716	1126.1129499662818
760.0435386171644	1091.0102980664885	1094.898611718217	1096.4449991259694	1097.124840608306	1094.020286290307	1082.5240843620866	1082.5240842157598
-605.2202922233789	-748.7988254233351	-737.6209925968567	-728.6155326972524	-722.5325739450075	-726.3127169379103	-743.3212707371043	-743.3212707865881
-844.1816699536142	-900.5876765583954	-915.0720764759205	-925.6379630477087	-933.1953555595189	-933.5876437018036	-909.6880976689066	-909.6880972870675
-203.48923811758954	-173.12072856221428	-176.38215851067542	-175.64959339586483	-174.60815600846718	-165.1841928106512	-131.23189937942738	-131.23189935051974
