# layout number, AEP
001	8.057596438482639e10
002	8.073275821537247e10
003	8.074789555961478e10
004	8.060720353686911e10
005	8.073550738309828e10
006	8.074788702007431e10
007	8.059908809835352e10
008	8.057596438481708e10
009	8.07355073830983e10
010	8.066456545693672e10
011	8.074789416406813e10
012	8.059908809841264e10
013	8.057599444056425e10
014	8.074223930167549e10
015	8.075152634208636e10
016	8.075268354757907e10
017	8.066456548670107e10
018	8.059908809834749e10
019	8.066456546963051e10
020	8.066456546982407e10
021	8.059851073054965e10
022	8.075152343819875e10
023	8.066456548472076e10
024	8.07327559467972e10
025	8.057599444055566e10
026	8.066456546902968e10
027	8.066456547291846e10
028	8.057599444056433e10
029	8.066456547278494e10
030	8.06645654866795e10
031	8.059908809837665e10
032	8.05759643932483e10
033	8.074789416696475e10
034	8.074223623499524e10
035	8.074267403148622e10
036	8.060720430677504e10
037	8.059908809835622e10
038	8.073550738309828e10
039	8.075151612364362e10
040	8.063642677560648e10
041	8.075152612540224e10
042	8.066999342049092e10
043	8.060729353345581e10
044	8.074223636083911e10
045	8.074267403110437e10
046	8.066456548667497e10
047	8.074267403096086e10
048	8.073275587303021e10
049	8.063642640945145e10
050	8.066456548672675e10
