# initial, wec=3.0, wec=2.6, wec=2.2, wec=1.8, wec=1.4, wec=1.0, wec=1.0_withlocTI
145.2626480692317	70.32827392727356	70.32827392727356	70.32827392727356	70.32827392727356	70.32827392727356	188.25028889957306	188.25028889468456
-7.259712448012179	163.94188491185525	163.94188491185525	163.94188491185525	163.94188491185525	163.94188491185525	246.68409233867212	246.6840923375873
164.1624423665489	236.97343583441238	236.97343583441238	236.97343583441238	236.97343583441238	236.97343583441238	197.6859649397759	197.68596494268522
-248.03064916850056	-182.2569842813251	-182.2569842813251	-182.2569842813251	-182.2569842813251	-182.2569842813251	-170.8260184709859	-170.82601846295765
-198.5045375292228	-249.05399833315136	-249.05399833315136	-249.05399833315136	-249.05399833315136	-249.05399833315136	-181.05700610114647	-181.05700610513514
-256.1419001702473	-275.68667409928554	-275.68667409928554	-275.68667409928554	-275.68667409928554	-275.68667409928554	-307.5336827215105	-307.53368271899274
-159.74241091729934	-45.51373515944439	-45.51373515944439	-45.51373515944439	-45.51373515944439	-45.51373515944439	18.974597324677106	18.97459731173128
-392.9976445793	-442.5170004936391	-442.5170004936391	-442.5170004936391	-442.5170004936391	-442.5170004936391	-448.6208276077344	-448.6208276079196
387.3763652249053	446.2680353586643	446.2680353586643	446.2680353586643	446.2680353586643	446.2680353586643	442.0228295535374	442.0228295550623
-235.37498016226516	-52.56229076538879	-52.56229076538879	-52.56229076538879	-52.56229076538879	-52.56229076538879	-104.94542563673264	-104.94542563001926
-408.8061964087482	-419.10405590100424	-419.10405590100424	-419.10405590100424	-419.10405590100424	-419.10405590100424	-376.3601447909242	-376.36014479163555
183.2929570474794	382.5522328735903	382.5522328735903	382.5522328735903	382.5522328735903	382.5522328735903	404.2527170790935	404.252717077671
-113.97971630896404	-40.495432629240696	-40.495432629240696	-40.495432629240696	-40.495432629240696	-40.495432629240696	-78.84599500174552	-78.8459949940833
388.5358845802411	374.9367242099371	374.9367242099371	374.9367242099371	374.9367242099371	374.9367242099371	411.96888297745204	411.9688829756988
-367.54918525612766	-355.67928616409523	-355.67928616409523	-355.67928616409523	-355.67928616409523	-355.67928616409523	-328.51641358042565	-328.51641358278255
157.20302828524822	172.2162334613876	172.2162334613876	172.2162334613876	172.2162334613876	172.2162334613876	217.29447010760111	217.29447009461722
77.24259073596058	81.97363482796018	81.97363482796018	81.97363482796018	81.97363482796018	81.97363482796018	-35.20444626110861	-35.2044462587507
-35.1962895132925	-57.870873664307034	-57.870873664307034	-57.870873664307034	-57.870873664307034	-57.870873664307034	-84.35530898221286	-84.35530897422123
