# initial, wec=3.0, wec=2.6, wec=2.2, wec=1.8, wec=1.4, wec=1.0, wec=1.0_withlocTI
181.53722777254308	2.2913740033961765	4.68565409372023	1.2519770320227677	0.8327001964948751	3.8874240947065704	87.54429593668392	87.54429593668392
-717.6070953482342	-142.95963907208278	-299.77439958256423	-331.54138750589823	-343.7751573905419	-397.0785567384819	-376.16577059758777	-376.16577059758777
-40.15062519644825	526.6681819697234	373.4598211293913	335.5376172641546	329.3658598156218	309.60460819170765	359.1108617793036	359.1108617793036
35.144684075910334	124.74147669426634	284.84491259540255	325.6302705288095	342.215461657063	396.195339397672	502.94339151431706	502.94339151431706
-771.4771128777545	-750.4343204568602	-849.5558829562776	-865.8194393084709	-871.4422383299046	-887.5221105539675	-867.4430716045623	-867.4430716045623
-334.73944199804447	-885.8608750441855	-825.5990160697917	-800.2846018083482	-794.1169760200195	-783.37007187526	-787.3675410953294	-787.3675410953294
-406.3453180599246	-537.0757974768524	-392.72737392134036	-344.3457906259545	-335.74042549460455	-310.9127956104313	-206.6418625243281	-206.6418625243281
330.4828608832211	883.7033182908592	819.2915432894968	797.2477627652484	791.6066326797139	783.7424574351593	838.4664770528694	838.4664770528694
650.7147246124664	744.6456685841574	847.2490112806404	865.1347555317196	871.1338281082425	887.5823793367783	891.9568497688825	891.9568497688825
-268.4805300441544	-5.7885386385150035	-8.624256257196514	-2.905710104077808	-1.179255538057106	-0.9312119966112677	-5.901270800939165	-5.901270800939165
437.44749506278805	888.5733180758807	848.6078654802304	836.708018588734	831.7563596344341	807.668632409656	817.6180728376976	817.6180728376976
675.9487843725495	729.8086229284407	818.8575956794949	835.1134697756311	837.5667916225935	845.0709949977337	825.251106604804	825.251106604804
-871.8708126800252	-891.3133926920063	-853.7349563936792	-839.0261777294764	-832.3992952187941	-808.1022540740518	-746.3564462991804	-746.3564462991804
-375.79359798714887	496.8383345520453	297.0770972902146	245.67600313332505	224.9187119386465	149.34692255895752	239.88021495174488	239.88021495174488
-139.40212127747125	-158.9040907778953	-358.31029103919406	-411.75788530209564	-423.53067072657973	-443.09291405996333	-435.949945784569	-435.949945784569
-735.592032039418	-722.1839016238199	-809.7933129958825	-831.5202802567038	-835.0319566611945	-844.5905715349337	-875.9561294108903	-875.9561294108903
426.97850689960694	170.4947073715909	372.5068685196483	417.6074769036206	428.2043204414012	442.4339051355557	327.0687494374134	327.0687494374134
-573.0977929880607	-505.47287588836394	-303.5936641038106	-248.0763083631158	-226.11028780020968	-148.9883213237311	-120.05406345244575	-120.05406345244575
