# initial, wec=3.0, wec=2.6, wec=2.2, wec=1.8, wec=1.4, wec=1.0, wec=1.0_withlocTI
-93.76554804034767	-153.61643072709657	-151.4470401815749	-151.4470401815749	-151.4470401815749	-151.4470401815749	-445.5654342718512	-445.5654342718512
73.98206472348603	10.50132682326161	15.903880474067671	15.903880474067671	15.903880474067671	15.903880474067671	95.12152580643561	95.12152580643561
-335.6076061412626	-417.28857680552744	-422.94514100735324	-422.94514100735324	-422.94514100735324	-422.94514100735324	-335.0895269259552	-335.0895269259552
-248.97092682355967	-35.06400449356684	-46.19394685544422	-46.19394685544422	-46.19394685544422	-46.19394685544422	-70.5990385538652	-70.5990385538652
192.7843992227932	360.07521850658395	356.1589945285924	356.1589945285924	356.1589945285924	356.1589945285924	189.39785268609825	189.39785268609825
385.85647835876006	436.9223023500867	437.284630203592	437.284630203592	437.284630203592	437.284630203592	446.8128333357215	446.8128333357215
-159.5321311486745	-171.31394720443373	-167.4831372624337	-167.4831372624337	-167.4831372624337	-167.4831372624337	1.3370300417747103	1.3370300417747103
-427.0824255439226	-357.22976628440836	-350.500712451962	-350.500712451962	-350.500712451962	-350.500712451962	-211.58772537473425	-211.58772537473425
218.7664439764735	206.93427988023439	220.67675413347118	220.67675413347118	220.67675413347118	220.67675413347118	329.9716065767806	329.9716065767806
-29.4307847963017	48.1622681947602	47.66613456380333	47.66613456380333	47.66613456380333	47.66613456380333	-63.019392111902185	-63.019392111902185
196.8960739383488	240.46970812192708	243.67402761746231	243.67402761746231	243.67402761746231	243.67402761746231	-17.284162271472095	-17.284162271472095
212.70802094409387	168.4419328540652	154.3329407493482	154.3329407493482	154.3329407493482	154.3329407493482	300.35813447373096	300.35813447373096
-343.7219042151224	-448.63473710956816	-447.7455499688513	-447.7455499688513	-447.7455499688513	-447.7455499688513	-444.42746962273804	-444.42746962273804
-217.94657721666303	-269.9054737701833	-275.1164879546089	-275.1164879546089	-275.1164879546089	-275.1164879546089	-251.84719045393746	-251.84719045393746
-60.71416509974614	107.73113968987705	106.22776356739912	106.22776356739912	106.22776356739912	106.22776356739912	-53.46299623576251	-53.46299623576251
372.958268373348	416.11953139045295	417.6900200081617	417.6900200081617	417.6900200081617	417.6900200081617	304.09051466403884	304.09051466403884
-8.076458319980716	-273.6646625238804	-282.41011014868997	-282.41011014868997	-282.41011014868997	-282.41011014868997	-234.5941305449655	-234.5941305449655
386.48272965036347	399.6008654640837	392.4502289128936	392.4502289128936	392.4502289128936	392.4502289128936	305.9717942117205	305.9717942117205
