# initial, wec=3.0, wec=2.6, wec=2.2, wec=1.8, wec=1.4, wec=1.0, wec=1.0_withlocTI
-97.55787693750864	-336.21349023993866	-336.21349023993866	-336.21349023993866	-336.21349023993866	-311.8050159260934	-348.700346698994	-348.700346698994
-407.3191470232417	-241.97688104168623	-241.97688104168623	-241.97688104168623	-241.97688104168623	-245.44047570730143	-260.08693079485374	-260.08693079485374
241.84851271403468	343.59930171335475	343.59930171335475	343.59930171335475	343.59930171335475	318.3023513160658	336.16068267820185	336.16068267820185
-37.71738491951575	210.0609953734889	210.0609953734889	210.0609953734889	210.0609953734889	146.5433178328542	76.68372881104979	76.68372881104979
150.4650801087054	39.94874333271516	39.94874333271516	39.94874333271516	39.94874333271516	-66.1606793632467	-136.47699312703134	-136.47699312703134
9.603306775598487	91.4474118624119	91.4474118624119	91.4474118624119	91.4474118624119	25.585563520470405	-21.052212814795507	-21.052212814795507
378.51620686877385	350.21776089028	350.21776089028	350.21776089028	350.21776089028	286.2544930962833	220.68317602952465	220.68317602952465
423.5604679571343	449.7939009078664	449.7939009078664	449.7939009078664	449.7939009078664	446.01669151951285	420.02053367745594	420.02053367745594
-340.1150081319896	-446.0686833812905	-446.0686833812905	-446.0686833812905	-446.0686833812905	-427.96477362894393	-425.03359214245114	-425.03359214245114
-400.15882746990263	-299.4581996946588	-299.4581996946588	-299.4581996946588	-299.4581996946588	-324.4651476558456	-284.44343587998253	-284.44343587998253
83.76821036256399	379.5363046158347	379.5363046158347	379.5363046158347	379.5363046158347	377.17233844036554	367.2258005099587	367.2258005099587
341.43084291423855	291.10819429252666	291.10819429252666	291.10819429252666	291.10819429252666	318.09371755296314	299.1588130556778	299.1588130556778
-99.31792588739651	75.58414407079265	75.58414407079265	75.58414407079265	75.58414407079265	97.97847896235055	91.73243549847652	91.73243549847652
-422.76631188697786	-448.2467105876272	-448.2467105876272	-448.2467105876272	-448.2467105876272	-445.1098342052159	-421.80823559004733	-421.80823559004733
293.97325511873856	440.6392173282022	440.6392173282022	440.6392173282022	440.6392173282022	449.2720544829605	449.50729078188215	449.50729078188215
-210.6411840881154	-283.58869379753975	-283.58869379753975	-283.58869379753975	-283.58869379753975	-347.2151569015818	-392.17207425066465	-392.17207425066465
132.45174584266823	-18.084912604476223	-18.084912604476223	-18.084912604476223	-18.084912604476223	59.74203617209446	60.67324408214376	60.67324408214376
-146.9656094551763	60.017747597338904	60.017747597338904	60.017747597338904	60.017747597338904	139.09044730939337	147.8054315871061	147.8054315871061
