# initial, wec=3.0, wec=2.6, wec=2.2, wec=1.8, wec=1.4, wec=1.0, wec=1.0_withlocTI
-513.8484803883392	-1007.7744899713539	-1010.0887933707645	-1022.6420101960659	-1072.6265293232323	-1072.1454867051564	-1063.4299539571825	-1063.4299539571825
371.8837155033043	509.3554131564084	476.31216807451887	411.28826161154836	345.3341196338492	260.9176725353612	235.64409696368628	235.64409696368628
-123.46349030840003	-446.8625028554596	-445.946323086137	-440.42513606492264	-316.4573646743738	-243.61773573906368	-235.780253359419	-235.780253359419
-491.3865739185981	-333.5297330654916	-349.8353704040497	-384.6648726082111	-440.49231403322716	-522.1261580576352	-548.3572279490342	-548.3572279490342
649.6881939065398	1093.1374824509073	1110.1280236005475	1125.9484452977135	1115.8979792225523	1099.8943900228362	1088.4860114584003	1088.4860114584003
-1091.5007590548153	-1162.5330395291776	-1163.9434439593335	-1162.8289600278981	-1160.8734017293796	-1173.6143338285153	-1175.4542641413354	-1175.4542641413354
772.9155937243622	493.8316993712677	498.13526110731414	501.7778545355859	511.4002380133824	529.8516528391924	527.0113957636788	527.0113957636788
844.8129642596036	1146.8081579001787	1138.0484862483781	1132.1829661373558	1149.638962805756	1178.6814498576355	1183.6155786381644	1183.6155786381644
-80.10485405353123	-238.86474057715228	-251.10913895101476	-237.07975754493475	-281.85158470620513	-373.24465023653386	-392.46533691970393	-392.46533691970393
-332.081386362424	-651.4530910321014	-647.8584954084787	-627.8561292640015	-538.0263272522445	-538.9842811601985	-542.5575869532089	-542.5575869532089
-1012.8483304947565	-1086.5349502139868	-1101.420318795611	-1127.3162670082909	-1149.2364185988035	-1171.290727427964	-1176.6358228298466	-1176.6358228298466
933.0106598755975	1113.6938242772878	1114.0609844774622	1116.2552126001697	1157.5209447225006	1175.0108079644938	1176.6085466822908	1176.6085466822908
-996.0618401287805	-1152.7178866794457	-1147.874215066514	-1136.6762669247075	-1116.2287048162364	-1080.4555868114026	-1062.7537446089418	-1062.7537446089418
176.37866739542415	495.02585746971636	455.64873938921113	415.0181906211553	441.32946885518777	479.82531279403986	485.67760615015914	485.67760615015914
410.9104150398867	297.5179699084423	291.95146740462076	296.3592579462705	303.9291780136165	250.25865705755365	241.4689895451452	241.4689895451452
849.1334319353056	1093.6774130161755	1091.723986399283	1090.054578779278	1085.5734879419388	1076.6880820292183	1061.7291542025157	1061.7291542025157
-428.21250348456135	-353.3150695649094	-380.5859219404055	-397.69552573616346	-343.9916499009457	-225.18889795359416	-197.62125899067496	-197.62125899067496
271.68287873202814	169.27342955462495	209.31842200819207	255.5844448284732	278.11857530563475	163.876370783875	131.19407017381525	131.19407017381525
